-1
-40
-1
-32
0
16
74
70
73
70
0
1
2
0
0
1
0
1
0
0
-1
-37
0
67
0
8
6
6
7
6
5
8
7
7
7
9
9
8
10
12
20
13
12
11
11
12
25
18
19
15
20
29
26
31
30
29
26
28
28
32
36
46
39
32
34
44
35
28
28
40
55
41
44
48
49
52
52
52
31
39
57
61
56
50
60
46
51
52
50
-1
-37
0
67
1
9
9
9
12
11
12
24
13
13
24
50
33
28
33
50
50
50
50
50
50
50
50
50
50
50
50
50
50
50
50
50
50
50
50
50
50
50
50
50
50
50
50
50
50
50
50
50
50
50
50
50
50
50
50
50
50
50
50
50
50
50
50
50
50
-1
-64
0
17
8
0
-56
0
-56
3
1
34
0
2
17
1
3
17
1
-1
-60
0
31
0
0
1
5
1
1
1
1
1
1
0
0
0
0
0
0
0
0
1
2
3
4
5
6
7
8
9
10
11
-1
-60
0
-75
16
0
2
1
3
3
2
4
3
5
5
4
4
0
0
1
125
1
2
3
0
4
17
5
18
33
49
65
6
19
81
97
7
34
113
20
50
-127
-111
-95
8
35
66
-79
-63
21
82
-47
-16
36
51
98
114
-126
9
10
22
23
24
25
26
37
38
39
40
41
42
52
53
54
55
56
57
58
67
68
69
70
71
72
73
74
83
84
85
86
87
88
89
90
99
100
101
102
103
104
105
106
115
116
117
118
119
120
121
122
-125
-124
-123
-122
-121
-120
-119
-118
-110
-109
-108
-107
-106
-105
-104
-103
-102
-94
-93
-92
-91
-90
-89
-88
-87
-86
-78
-77
-76
-75
-74
-73
-72
-71
-70
-62
-61
-60
-59
-58
-57
-56
-55
-54
-46
-45
-44
-43
-42
-41
-40
-39
-38
-31
-30
-29
-28
-27
-26
-25
-24
-23
-22
-15
-14
-13
-12
-11
-10
-9
-8
-7
-6
-1
-60
0
31
1
0
3
1
1
1
1
1
1
1
1
1
0
0
0
0
0
0
1
2
3
4
5
6
7
8
9
10
11
-1
-60
0
-75
17
0
2
1
2
4
4
3
4
7
5
4
4
0
1
2
119
0
1
2
3
17
4
5
33
49
6
18
65
81
7
97
113
19
34
50
-127
8
20
66
-111
-95
-79
-63
9
35
51
82
-16
21
98
114
-47
10
22
36
52
-31
37
-15
23
24
25
26
38
39
40
41
42
53
54
55
56
57
58
67
68
69
70
71
72
73
74
83
84
85
86
87
88
89
90
99
100
101
102
103
104
105
106
115
116
117
118
119
120
121
122
-126
-125
-124
-123
-122
-121
-120
-119
-118
-110
-109
-108
-107
-106
-105
-104
-103
-102
-94
-93
-92
-91
-90
-89
-88
-87
-86
-78
-77
-76
-75
-74
-73
-72
-71
-70
-62
-61
-60
-59
-58
-57
-56
-55
-54
-46
-45
-44
-43
-42
-41
-40
-39
-38
-30
-29
-28
-27
-26
-25
-24
-23
-22
-14
-13
-12
-11
-10
-9
-8
-7
-6
-1
-38
0
12
3
1
0
2
17
3
17
0
63
0
-9
-6
40
-94
-128
10
40
-94
-128
10
40
-94
-128
10
40
-94
-128
10
40
-92
-51
0
45
21
12
-110
-84
49
59
-79
-62
-96
44
126
-107
-120
60
99
-94
27
-97
-77
-67
-39
-114
-29
27
-124
50
70
-63
-56
-17
-58
50
71
-8
80
7
67
-102
51
92
68
-65
17
44
37
-106
85
-77
-77
-72
-98
-34
48
90
75
-103
49
20
100
3
-126
20
-79
-53
31
-96
-57
-67
92
-45
-68
103
109
120
79
-97
105
119
104
15
-35
103
65
44
100
119
59
-112
-112
58
-9
61
-67
-88
3
-85
-94
-78
-58
-75
98
-61
-52
50
21
-128
-128
86
-31
-105
17
28
-12
-61
126
53
122
41
-93
-102
36
-110
39
71
70
-5
-82
-83
-112
126
-108
1
53
20
-43
-57
36
119
-89
80
1
69
20
80
1
69
20
80
1
69
20
80
1
69
20
80
1
69
20
80
1
69
6
-110
-128
22
-118
40
-51
0
20
-42
108
16
61
104
39
-45
53
-51
120
-109
-59
-70
126
-115
111
34
13
91
75
-73
-67
80
118
-59
123
112
-88
24
-15
-37
35
-79
-96
9
-75
127
21
-23
122
92
-126
-43
-11
27
21
-68
110
86
41
-18
54
14
15
59
-118
-125
-73
-65
110
-68
87
13
-88
-21
126
49
-72
-43
77
-11
-69
-83
-91
-120
-60
104
-42
-73
41
122
-116
-39
-22
34
80
-84
-1
0
41
-55
3
-98
9
-59
102
106
23
-105
58
117
-68
-105
18
-51
-81
105
34
86
51
59
-84
-55
125
19
22
35
-96
-52
-37
71
-96
0
86
35
-24
-46
106
-109
125
-81
86
-72
-77
-98
-8
48
75
115
-89
-36
-83
-67
-39
-49
66
65
41
-105
-61
48
32
125
0
52
1
-93
35
-49
115
-88
-54
-102
-100
-10
-41
119
47
40
112
-111
-103
108
-89
108
-100
-18
104
25
66
30
-8
14
79
-35
-21
-51
94
-77
-72
-118
-27
100
-80
-15
24
-116
35
-111
-27
-55
124
-20
101
36
100
-18
11
41
43
-50
15
-35
115
-116
30
49
-51
51
82
-68
-65
-46
116
-85
91
43
105
111
74
44
24
-111
53
-35
62
123
-96
8
-25
-27
104
-29
113
-113
-87
-12
-12
-85
26
85
-100
119
40
-111
94
-33
89
-37
117
101
-74
123
-107
-102
46
-125
-18
7
47
-77
-48
46
71
3
-91
32
51
34
26
93
-49
-120
109
-46
88
-18
-94
-71
-118
45
-98
92
109
-70
-35
81
65
-26
68
88
-4
-79
-45
-90
-30
70
70
51
-59
105
105
90
46
-109
97
61
-11
-4
-74
94
82
-120
-9
36
-17
113
44
-111
51
-88
-31
65
59
10
-98
61
62
-107
-121
-86
-55
-28
-23
112
105
22
-74
115
89
-62
-52
127
-46
60
-128
-95
-93
5
-120
67
32
27
112
72
4
-85
113
-116
-26
-91
-14
46
101
80
-21
-90
69
119
-87
12
-107
-109
78
-44
17
83
-116
109
14
-58
101
99
-50
58
-5
-29
-91
0
88
-14
68
-106
-9
-102
-59
-70
36
41
44
114
-70
93
-38
19
121
27
-11
-50
99
-22
-35
15
94
-66
-43
-85
-31
-83
70
9
52
-120
111
38
-42
39
-98
72
-104
-120
-93
-75
34
-33
-26
-50
56
-125
121
64
-36
-100
-122
3
-65
-75
114
-10
-6
-96
-74
-75
-114
13
91
58
70
-95
59
48
-107
-29
-53
33
-104
110
101
-64
5
-48
14
-89
56
28
-32
-10
-56
-46
93
89
110
74
-76
-105
-81
-88
67
2
38
103
71
-128
20
112
85
73
14
-101
88
54
15
111
-104
110
-4
-104
30
-102
-98
43
13
117
111
4
86
-84
-23
51
42
52
-113
50
43
70
-59
-79
-54
-25
-98
57
-32
-97
-61
-65
72
-83
-110
71
-89
108
-41
-111
68
18
59
-109
38
-93
-89
-49
35
69
-5
-40
68
51
-57
35
-56
-85
-125
-97
-102
67
33
-28
-111
-7
98
-70
47
12
107
23
22
111
116
117
73
-38
27
93
-111
-120
45
88
34
-3
-101
-77
41
95
-68
15
35
-114
122
31
108
-128
119
-29
-91
37
65
5
-62
79
12
114
-58
-39
73
6
-27
56
35
35
-73
90
-100
-48
0
58
-46
-46
82
-118
0
40
-94
-118
0
40
-94
-118
0
40
-94
-118
0
67
73
-98
105
-58
-110
-128
10
8
-94
-101
-106
-37
-64
-25
-34
-128
43
-34
-49
29
-67
-76
-110
75
114
-106
-24
20
-26
87
32
5
-9
-25
-16
-81
29
-41
53
-108
75
-3
66
-34
79
-75
106
-66
123
-18
75
-106
-45
-66
-46
-79
-82
120
101
88
-50
2
-10
4
-113
-101
103
126
-90
127
21
106
80
-35
-21
-105
-31
-12
-3
90
123
-101
121
-120
-127
-102
-3
-31
-120
50
-111
-56
84
92
17
-14
-25
-100
-12
-88
47
117
29
75
72
-79
-75
-104
120
123
87
-67
-69
-66
-120
61
-76
-102
109
-60
-13
-20
35
27
-125
-106
27
71
94
62
67
-33
-114
40
3
9
-84
45
-27
-122
11
-39
45
116
-25
120
-64
-37
117
117
101
121
102
-14
-79
28
-79
120
-77
-63
28
-127
-128
50
77
105
61
-27
-75
-27
-4
-38
84
-41
17
72
-110
-85
-94
-37
90
107
114
-36
21
111
-18
-80
-22
-67
-14
63
-87
-59
66
47
-19
-116
106
-9
-38
-67
-12
-102
-100
36
-77
-38
-33
-92
83
-115
-68
41
64
-124
-82
87
115
18
9
25
-7
15
76
98
-109
-5
58
-60
-69
61
-106
-81
-32
-24
-93
-102
7
45
107
115
104
-112
-68
-79
-17
57
12
4
-116
50
72
-22
7
97
72
6
-49
109
115
-93
-36
105
-48
75
97
-30
107
91
79
49
-120
123
61
69
-91
12
62
93
-124
-126
-33
-69
94
-100
16
63
-117
-98
56
-67
63
-119
-96
-76
-77
-111
22
119
-119
-39
-127
7
87
92
-82
123
-4
-78
78
20
-97
113
-49
90
-127
52
-101
-97
33
111
52
-31
103
19
-38
-19
83
14
-111
-85
76
82
-32
112
112
34
42
85
78
-45
-9
112
70
90
-125
-29
25
-42
-18
104
-75
9
-68
71
-96
-103
73
-3
-26
-87
99
108
-15
3
-110
126
95
49
23
3
-116
99
-91
3
45
53
-42
-89
13
-102
88
-53
-90
77
117
-10
118
18
-55
117
-94
95
71
-26
-82
15
1
-94
36
-87
-25
27
-122
27
-81
122
-54
-2
-37
-78
109
85
-123
-5
-23
26
-83
-54
70
9
-2
-36
11
97
60
71
61
99
-105
-53
69
60
109
-29
-88
-21
91
-41
30
20
-78
-44
-17
-29
-68
-126
-9
70
-44
38
-102
65
32
-97
76
-69
54
110
79
108
8
-125
6
61
57
-22
127
10
-93
-88
-93
-73
-103
11
-21
-90
70
-116
101
109
-68
87
107
1
-56
-57
59
88
-126
-20
78
71
25
28
31
-91
2
29
103
-90
-23
-115
44
110
-17
-84
105
102
35
-5
-88
-82
11
-35
70
84
-126
92
7
-38
-29
104
-64
33
-73
127
119
-74
69
81
-42
60
55
53
-59
-52
-38
-114
-103
-90
-101
-24
-98
47
36
92
90
95
71
36
-124
-109
-34
23
69
10
-36
-10
28
103
2
-86
-55
21
-34
-108
109
37
-70
-47
-99
45
-97
37
-101
65
-98
91
-124
-116
-108
60
-76
51
3
24
92
51
113
-11
-83
-19
50
27
43
-79
-3
-93
100
-74
-73
-78
36
44
26
-38
41
-102
-54
-8
1
-55
-3
-44
36
-87
108
-13
-48
103
35
-90
40
3
21
-99
-106
121
-31
58
-68
126
124
112
-99
-47
-33
-23
119
22
-13
58
-98
64
-35
14
-59
3
-82
62
-71
57
-57
29
62
-107
57
-114
-11
88
-7
-47
44
12
-125
-19
47
32
-98
53
-112
113
-124
-111
-101
-71
-36
15
0
-11
-57
74
-64
-46
-90
-70
-43
108
-10
91
107
45
61
-10
90
99
105
-30
51
17
-109
3
10
-87
-9
25
-2
110
-64
21
-29
61
-22
47
13
106
16
-39
107
26
-115
-107
-10
-109
62
-125
-109
-103
124
-37
-7
-110
43
-84
54
62
84
124
19
-9
-73
125
-18
-116
79
-75
3
61
-93
74
-43
-32
-104
8
-98
-26
-48
-50
88
13
-87
32
45
33
63
-59
-113
-1
0
95
122
-38
-81
28
-122
-30
-6
-61
89
-75
-113
77
-76
-44
-115
-83
-4
-93
-54
-44
108
-29
-114
91
91
101
45
-115
-50
-58
44
117
44
114
73
62
-4
87
-83
-38
-76
-90
33
-25
58
51
103
1
-105
-93
12
117
-96
69
-102
81
77
-93
52
-64
117
20
81
64
5
20
81
64
5
20
81
64
8
104
-96
-47
64
5
100
-21
119
-109
89
105
-116
-10
-10
-73
-109
-69
18
-104
-76
80
-14
70
8
63
48
7
-81
74
-42
-82
75
-58
22
55
26
-83
-88
-77
-117
71
-68
-68
49
-97
48
52
90
-127
-76
70
108
17
-126
-54
-63
-113
110
-35
-8
-96
15
63
-65
-46
47
-18
35
-106
87
-105
-58
115
42
58
-80
-39
111
108
-82
-39
-17
-115
-71
110
-7
-50
49
-97
-62
-101
104
-21
103
-91
-49
-89
46
-115
-30
-87
-28
-71
99
-74
-26
-27
124
-106
70
96
58
20
-7
73
7
-66
56
-30
-106
-17
-61
86
22
-70
124
13
-86
-113
15
-24
-38
-125
57
-54
-35
106
114
-70
-125
-122
-58
67
55
-49
-4
36
-114
58
-42
108
-78
-24
-70
108
-80
-64
124
107
-31
-8
-26
97
-62
105
58
88
-105
29
-119
45
-106
-63
29
127
62
40
3
109
-12
-35
114
-42
-55
-102
-34
13
102
68
84
83
-26
53
-115
-76
-84
-57
32
114
2
-18
98
115
-97
-105
35
-125
-97
90
-122
75
-53
9
-76
89
-97
81
-102
39
-78
105
20
-75
-19
-25
-121
-102
60
31
-108
12
-55
-107
94
24
118
-53
126
-72
-25
-26
-41
60
44
110
-30
104
-68
71
-30
-87
85
119
3
42
-38
40
-116
127
-75
26
-86
46
1
-4
122
-83
108
-34
-8
-121
64
-73
-72
-70
-122
63
-8
73
45
-82
-97
-111
121
28
38
72
-25
44
65
12
-88
65
82
112
64
3
3
-18
-46
3
32
-23
-6
16
-73
23
-46
106
-66
14
-69
-115
101
45
108
-90
15
36
-56
-69
-78
-53
35
15
-101
-127
-116
17
-6
-43
-125
120
-9
83
-77
104
-105
-19
34
49
47
42
105
-6
-11
-68
-117
25
-12
-14
110
35
81
-114
70
8
61
-67
-86
-78
-22
-41
-10
-41
101
-20
-68
75
-87
-111
38
2
-63
123
-31
-46
-46
72
123
-128
85
113
-33
29
-22
-37
43
95
105
-69
117
-56
-68
62
-10
-47
-111
-108
-69
-16
-3
-43
-69
-95
-24
8
116
3
28
-32
123
-13
76
97
127
99
116
-10
-78
121
-70
46
-91
120
-115
-119
26
-25
73
-125
-56
-70
13
-73
27
-58
-55
30
38
61
-80
6
121
-10
-88
-76
-81
22
-34
89
121
-106
-81
-30
-87
-96
0
-4
-15
107
118
-79
75
-124
-1
0
125
79
42
114
120
28
-46
-38
105
-2
30
-118
-23
101
-76
-125
68
19
-128
124
-71
-19
117
-23
109
-89
85
61
64
18
46
56
57
-31
-67
-69
85
-5
123
-115
122
5
107
-69
25
-75
103
-77
-37
-76
-1
0
110
-23
-21
127
19
-11
39
18
64
50
23
-116
31
78
105
8
-25
117
22
-42
18
-18
-21
88
-71
-16
-107
-94
-23
51
-126
63
-75
116
9
24
31
43
-95
112
67
-80
61
7
12
-72
-21
-17
90
113
-22
58
54
-91
103
97
97
54
-78
103
-114
97
26
91
-59
-86
-40
35
-107
98
62
92
-51
22
-41
12
57
-57
-95
-21
77
75
75
111
21
93
60
18
-115
17
-18
-13
-112
-66
30
-44
12
109
39
35
-27
120
37
32
17
-127
-48
54
-32
126
-75
5
-10
-101
-85
-24
18
-57
3
107
-26
-40
41
2
13
59
92
-77
43
3
13
-7
88
-4
-32
-59
113
-57
31
55
108
113
64
26
54
-70
100
-85
99
115
54
-83
-90
71
-30
27
0
-92
-37
-75
-51
-58
-9
103
3
-107
-116
-104
-68
-62
121
32
1
-111
-98
-7
-30
-101
99
14
-101
125
45
-4
62
27
-72
-126
-42
-23
32
72
-34
-34
-22
-35
-18
-117
46
7
14
29
11
1
-123
36
-32
122
2
71
21
-103
119
125
46
-115
122
-19
-88
-24
58
-89
-121
-26
-99
-128
-5
78
-97
120
-78
-60
87
0
109
84
24
12
-93
5
-101
110
78
120
-18
42
-18
-119
-83
106
-73
73
114
-105
19
-90
-65
97
110
-53
-70
-22
-61
-53
-54
114
112
-19
27
70
-91
-109
-113
-70
51
-128
61
-88
2
-56
-66
-65
-45
13
-82
-98
-53
4
-114
-49
-13
11
109
58
113
-65
-26
-25
-53
92
-78
-99
-72
-23
-73
-27
-12
21
-24
-2
31
-15
121
-69
51
91
-34
89
-51
106
82
77
-111
121
-47
-120
-14
48
126
94
-67
70
59
-29
60
-32
112
107
-125
-125
87
-113
81
-71
23
48
106
6
120
109
-33
100
-6
124
22
123
74
5
1
126
102
3
116
124
41
60
127
116
-43
-67
34
13
28
-22
66
-22
91
-73
107
35
-72
92
43
-49
28
-54
-18
121
12
-81
17
-34
-72
62
-71
-50
-20
100
-48
51
-40
-108
-27
65
-50
114
51
-102
81
76
64
-86
-95
84
5
80
48
0
-24
62
-107
37
49
10
40
-92
-91
-96
2
-118
40
-96
2
-118
40
-96
4
-51
20
-108
80
2
-41
1
-29
-33
17
-37
-37
60
26
100
26
-64
-114
-5
120
105
109
109
-19
-59
-59
-61
-95
4
13
-85
-72
96
-98
64
39
60
-111
-59
119
-69
-69
112
15
108
-102
-27
117
-74
-65
-102
-34
104
45
110
6
-113
113
32
111
41
-68
-12
95
56
-19
3
57
-40
-40
0
-107
29
51
64
30
107
101
-32
105
18
19
-88
-63
-31
67
53
-58
-90
-40
104
47
-11
23
-122
69
80
73
36
-94
-96
-61
113
-100
2
106
107
-99
70
95
12
-78
-23
-58
79
12
120
118
-23
87
114
71
117
123
61
-61
-82
127
-120
-116
12
100
113
-125
92
-35
-67
-115
-59
-27
-11
-50
-106
-94
-13
-59
-42
-15
-18
14
110
46
72
-73
-73
101
113
-125
-68
18
74
-100
17
-98
58
122
103
26
80
67
-91
90
41
-74
119
-16
-82
-117
32
-7
100
-122
27
99
121
58
30
-100
49
57
39
-113
-1
0
93
0
91
-74
-15
-115
-43
-21
-3
-102
-49
-58
114
94
58
-25
114
-23
-34
30
50
-127
-45
-93
22
-28
113
-7
85
-103
-83
-81
-43
-38
-31
60
69
-81
-55
116
-89
106
-124
-48
23
104
35
-37
28
-2
116
-19
43
87
-65
-69
44
33
-43
60
93
-86
-88
-28
60
86
48
-37
-59
-114
-33
120
126
61
123
-118
-71
115
124
-42
-18
37
-65
-72
-67
-115
64
42
99
-68
-41
98
-123
-128
-25
-110
-111
-114
63
58
64
73
30
-83
-30
57
116
83
13
-42
-89
-88
69
-79
74
-85
55
-121
-37
115
96
-16
-57
107
17
-24
122
126
21
65
60
65
125
111
29
-81
-107
-30
-21
104
86
48
81
-98
-17
72
-111
1
108
12
-28
-100
99
-4
107
59
82
-15
-82
-101
-91
-37
78
108
-81
-124
-1
0
41
-35
20
58
-12
-81
35
123
15
-35
-111
-98
79
-27
78
-77
-15
84
-80
64
46
-121
-119
-11
-21
80
-22
55
-74
-93
-94
-7
-87
19
30
118
110
27
70
127
30
-44
-58
92
127
16
-34
-22
-47
8
-27
-44
124
61
-86
66
-82
82
64
46
12
32
-29
60
41
7
57
-28
117
-2
-15
-12
-83
13
49
111
-83
45
-94
-105
74
-78
-42
52
-56
-29
83
-108
-115
32
-68
-115
-66
98
120
-7
-73
103
-15
-84
-57
-44
-76
-3
74
-6
33
46
-73
-31
77
69
-52
-97
-22
-81
-19
126
-51
43
54
79
92
-5
26
109
-107
-91
-67
-126
-68
118
-34
29
-70
-80
-118
-27
-74
-76
-102
78
-80
26
46
-128
100
-123
-50
58
-6
118
-96
70
38
-85
98
-2
47
-67
-106
89
-11
93
30
105
-54
55
-112
39
-13
44
-26
-115
-66
92
-79
86
-7
73
5
71
-53
90
-111
106
23
-102
79
-121
34
-16
-19
-10
-115
-87
107
-10
-59
10
-36
-57
105
52
46
-94
60
28
50
24
-44
56
-28
47
13
-3
-29
-109
-46
-93
-5
92
119
14
-10
50
120
-115
-92
33
-52
109
101
-30
11
85
116
94
72
92
74
-65
119
-21
-69
-100
-118
-71
55
-121
-93
-77
-45
-58
-91
99
100
-23
44
12
-69
-26
-48
-27
75
-116
-14
9
-60
99
-110
9
57
-64
57
-58
57
-21
64
13
-16
-35
-43
-107
-115
-84
86
30
13
-15
125
-123
-83
-80
-105
115
105
-70
-28
59
93
73
60
-19
113
-76
-99
-35
113
-125
-41
-83
101
79
105
-10
77
109
126
-63
12
30
20
-15
5
-108
-32
-37
-57
-88
-69
73
5
-31
32
-122
84
-103
-114
27
25
95
-31
24
-35
-118
-48
-44
111
91
-58
80
72
-13
-24
122
119
-120
-29
-73
66
-46
-105
63
98
-44
32
28
-15
-77
39
-74
74
-13
-4
67
-118
-83
-92
52
-1
0
97
-73
79
12
107
18
-8
-117
75
-75
84
-110
95
13
93
-88
51
-84
68
96
-128
-59
56
-38
91
-113
108
80
5
105
53
68
-74
-15
44
122
-105
-118
-28
-117
69
-15
0
24
-74
-43
45
-9
92
90
93
112
70
-3
-128
99
11
-112
14
24
117
-55
29
-85
-71
-44
-50
-75
30
-95
103
-87
-33
-3
-107
109
-59
-82
-44
-97
78
15
49
10
72
-38
74
48
-17
-102
-60
-72
-67
-106
-21
74
-97
-3
3
83
-79
-45
-25
-52
87
22
50
-56
-105
81
90
50
28
21
-106
39
27
-46
49
-63
-7
14
54
-28
-15
-118
-91
103
104
-70
69
-22
106
-106
-47
91
105
80
5
43
21
-27
-83
-37
-34
91
16
126
-24
-7
126
104
-114
9
-64
57
4
28
117
25
-92
7
-78
-24
55
86
-73
90
29
-116
-74
115
71
45
-71
-123
66
60
100
-107
42
6
1
25
-25
28
86
-96
57
21
-25
-2
6
-72
-102
107
-109
52
-42
-111
-69
-36
71
-105
-69
-76
-67
75
-104
-33
-100
-18
110
3
-82
-20
100
14
123
-114
-62
-69
-11
3
7
20
-64
112
-91
-92
20
-76
0
81
69
20
0
81
69
20
0
-38
15
76
-47
72
-35
40
3
15
95
-44
-98
-47
22
56
-17
22
-45
114
-103
26
121
80
-7
104
-93
-109
-106
-38
84
112
15
82
58
-41
-102
-53
-31
-3
26
125
34
59
75
63
13
94
107
111
-26
52
-83
-87
92
-2
-26
48
-8
-64
-55
-107
-9
112
49
-37
24
90
-12
127
18
44
-13
91
71
111
6
-105
54
-96
29
-66
100
73
-60
97
112
84
-116
-25
-113
113
-12
-81
36
-42
-94
83
118
33
-44
53
-67
90
121
-32
27
-45
78
-79
-5
69
-24
-57
4
-105
-111
-16
-96
28
-127
-72
1
-73
61
122
-48
4
-106
34
-38
-39
-109
76
-65
-41
-25
-43
32
69
49
31
15
-23
-15
-77
121
13
-3
-42
42
-63
118
-87
-18
120
-29
-23
87
-81
101
-44
-76
-3
55
-53
-45
19
78
-16
-35
-112
86
-38
103
-107
126
-45
-73
-5
-31
21
24
-109
-55
-2
46
-3
106
-112
-121
79
123
54
-118
57
97
123
97
-126
109
52
-56
-42
-38
8
-105
63
-14
-34
-31
84
111
11
-20
63
-67
-63
-21
68
122
-43
-67
-126
-78
105
118
-119
42
-60
-95
100
-101
79
-119
4
113
99
60
61
-52
-68
-98
-4
-128
49
-51
0
48
91
-49
118
-94
43
-47
-30
15
19
4
-7
-116
113
-38
-55
111
22
127
-68
119
58
-125
-7
122
83
-11
27
-120
-20
-96
-5
40
-68
-16
-9
-123
-55
80
18
32
-119
119
115
24
-9
11
17
-28
-32
-15
-69
53
-98
-98
34
-71
-44
-18
-100
-104
116
-115
97
85
126
115
46
-71
112
98
-74
25
-32
-79
96
-87
-110
120
27
121
-4
43
86
-41
92
-73
-76
-123
62
-53
-86
96
100
-123
-75
-16
-34
-116
-85
28
-121
-66
-39
-28
92
49
-32
-27
-78
15
20
1
82
-62
-45
87
-69
-115
100
-121
-30
22
-83
36
12
112
-65
100
-48
102
-116
31
93
-69
118
-29
-22
43
87
90
-46
-65
-47
33
58
110
-65
-30
-37
25
-29
57
107
-113
34
-14
-28
122
21
-40
-46
117
-25
-46
-85
79
-83
52
-32
-53
48
-44
-29
32
97
86
-1
0
-60
45
9
111
-9
-93
-117
-127
-17
85
-84
110
-42
-15
-57
-38
126
-63
60
-116
-59
-111
-19
77
-21
109
24
-23
-26
-94
16
122
-3
127
58
6
63
71
-71
-42
45
-96
-110
91
-3
93
-11
29
56
47
-54
-102
-66
-105
42
55
0
125
-26
104
-97
-98
15
86
61
115
-17
70
-93
-94
120
107
82
-102
43
-99
63
70
-121
70
-70
-119
88
-3
-90
-54
20
-68
-128
48
-63
80
-54
-92
28
-12
60
-57
-40
-11
-51
85
-110
-30
-11
-17
-18
-82
-33
88
-37
10
-57
-124
-5
111
-37
21
-14
0
-29
-52
42
-92
119
-28
103
-81
78
-92
93
-80
105
117
75
1
54
-95
103
124
-79
43
16
-77
61
-76
122
-118
-125
-20
-57
47
-98
-67
71
-46
-128
51
-82
-76
-37
123
-101
33
123
-94
-23
-102
71
-100
-65
-68
-66
-102
-45
82
85
-73
-98
48
121
86
66
20
14
-103
-5
-100
16
127
24
-30
-46
-54
-40
45
-34
-103
113
46
-115
-87
-68
-94
69
5
-28
-114
-44
-6
109
116
-54
48
110
0
-54
-116
-43
-85
-14
14
-91
-10
-35
63
78
-48
-11
43
-104
4
-116
-17
-92
72
-10
119
-5
-79
-9
-16
-92
55
102
-54
-13
-102
-54
-71
-113
-5
126
116
-73
-67
91
89
-81
-91
33
-123
-116
-49
61
-66
-96
-61
28
47
-101
42
-124
-107
-121
108
-3
-20
117
-30
-128
45
106
90
-44
-105
23
81
-23
94
46
-46
28
-49
115
24
-115
103
100
86
97
-110
65
-39
-80
101
-72
101
-32
30
-93
-89
122
-48
72
-17
95
67
-5
21
-59
-44
27
-30
10
-70
127
-120
34
64
94
-35
-61
112
38
0
7
-116
48
27
114
-60
-113
-105
-98
-43
74
43
125
62
-50
-17
-20
114
-37
53
-59
-60
-114
-91
-76
-67
90
15
-77
-35
64
58
7
-127
-58
87
39
-74
27
25
-57
124
-41
69
53
-77
-18
58
-115
-83
-62
-59
50
100
-101
-42
-36
30
51
-112
54
-34
70
73
-34
-121
-112
78
79
76
-46
17
-101
113
45
-54
-23
-26
59
-37
-103
52
-67
125
22
33
7
-120
-83
80
-55
109
118
-71
1
90
71
64
20
116
43
-121
-50
55
-9
-85
-117
1
-110
-3
-19
-11
23
-125
67
-41
-89
-116
-56
-110
-37
-109
36
23
113
6
-7
-73
-112
-85
25
96
-60
-100
48
36
110
29
51
83
45
-85
75
107
43
71
113
103
5
-19
-48
-35
-10
53
38
93
47
83
110
-17
-76
-4
-111
-77
115
-112
70
85
-118
-109
-98
-89
54
-53
79
-114
-42
118
-80
-46
-32
-122
-54
89
-2
105
52
47
18
-121
-40
10
-25
50
91
-55
-54
-116
103
105
-58
120
81
-45
34
-128
59
111
7
105
55
-10
-70
-76
-73
26
-122
-102
-87
57
-26
75
-53
105
-65
117
46
115
-73
9
-123
-29
4
1
-14
-41
-96
41
-30
-68
-57
-64
-41
-46
91
-8
-110
-18
45
78
-61
89
-79
-70
-70
10
-112
-3
-70
-17
-19
49
62
1
56
66
56
-23
-125
-109
-38
-67
53
120
90
96
58
-106
-112
82
-48
1
69
20
80
1
72
105
105
13
0
37
29
104
20
-121
56
-29
-83
0
112
-33
16
117
-85
45
34
8
-59
-35
-59
-3
-57
-104
-121
110
-105
98
-56
-81
117
-13
1
-116
-3
-2
-4
-19
61
1
-82
39
-60
23
19
105
-102
-70
-23
-10
-106
-86
-73
46
-86
-81
109
-95
113
0
-35
-100
121
-18
0
108
116
-54
-19
3
7
63
49
-58
59
111
23
-22
50
-39
-53
60
-49
-5
-101
120
-112
-17
-5
42
-109
115
114
-40
-50
-60
96
-123
-105
-86
-116
-81
-9
-49
35
28
112
91
11
-93
-60
-10
9
97
107
10
-17
26
100
87
-94
63
-77
-25
57
121
-26
13
-105
13
-125
-124
4
-99
-96
-100
116
-96
12
-12
-67
-70
-41
53
73
60
60
76
-105
82
-37
-74
36
117
-120
127
103
-39
-128
57
100
9
-2
-79
127
-33
-64
-29
-34
-122
-109
79
107
-24
124
53
4
3
90
-44
18
70
-1
0
74
-69
27
52
-37
83
-41
-18
70
-60
109
27
24
-112
71
80
61
-21
111
-49
-66
-65
-46
97
-126
17
41
-78
-101
104
84
-114
33
31
-37
-49
-4
-13
-119
8
13
28
121
-22
-57
-112
-72
61
-21
47
87
-69
91
27
75
-120
46
116
-55
-17
62
-55
3
25
116
-101
41
2
90
89
-87
94
62
-43
32
-57
-104
91
4
-11
-32
-81
29
105
12
-27
-19
116
-7
53
109
86
-22
91
-83
66
-54
-26
8
121
-101
86
-65
65
37
-70
124
-60
42
-94
100
38
73
57
-63
60
6
-30
-69
77
55
77
109
98
24
-39
-59
-43
-36
42
55
69
117
-84
-71
-126
-47
84
116
49
-57
24
-39
-73
-48
103
-112
79
53
90
-50
-50
43
29
42
-42
93
85
-53
-60
-88
22
-34
-13
92
-119
-43
2
-107
24
72
45
1
-53
-15
-43
-49
33
79
94
41
110
46
-63
-70
-119
-75
11
11
-39
-125
-58
-126
59
-51
82
23
101
102
35
-115
-106
-56
54
14
-28
2
1
-22
125
41
-127
53
-42
-94
116
-121
-2
-53
-77
-5
69
-52
-14
28
31
-8
71
44
-93
17
69
-109
-50
100
-53
54
-20
18
114
69
86
107
95
16
-22
-77
50
67
-92
-8
-90
0
-85
-73
51
106
-105
40
24
3
-33
17
-13
90
98
-29
91
-126
36
123
61
43
-60
55
86
106
9
-110
104
-82
83
77
-123
71
109
-111
-4
-92
-82
73
25
111
-50
-71
-35
87
91
116
-117
121
107
60
-96
-61
67
63
-117
-35
-28
70
-49
35
8
-1
0
65
-8
26
0
-35
-121
75
-44
-76
-120
-28
-102
93
55
-60
-86
35
92
-20
-74
-44
103
-100
17
-57
-4
-78
100
1
-67
57
53
71
83
-43
-94
-46
111
99
55
-38
23
-118
126
-44
20
24
-18
109
109
-110
-36
-96
-50
127
-123
64
115
-98
112
-61
-46
-106
-58
61
58
113
17
-97
75
65
62
-64
90
116
-15
29
-32
-36
125
-103
-122
-49
127
-67
-38
-97
3
69
109
44
-9
32
-8
-90
56
-126
-116
73
97
-84
-83
-12
113
-6
-106
-38
-52
-61
-90
104
2
27
-99
85
-11
-101
31
-74
45
-27
-82
-79
108
54
-77
91
-36
-58
-80
-22
48
-109
-58
85
-93
44
67
-28
116
-29
-75
82
125
69
101
-45
-90
84
23
-70
-116
73
-14
-1
0
97
106
32
77
60
39
35
116
-47
55
-33
4
2
118
-110
58
49
-6
-43
-42
-99
117
22
85
-67
-44
-76
-51
122
31
-7
-23
108
97
-73
-67
-128
-125
-14
-68
96
48
114
-36
0
67
109
62
-39
-30
-91
-110
-13
-20
-10
-101
-96
75
-85
-12
73
68
81
-51
112
-126
9
-19
-49
77
-122
117
96
-61
111
79
-101
32
-25
-81
74
0
-49
-47
-75
43
77
75
79
16
-101
102
-65
-74
-13
-117
65
105
-85
71
-10
-101
-104
-50
0
40
-78
6
12
-84
73
-54
-29
-5
-39
-59
116
-70
107
8
116
-21
61
70
19
25
47
16
116
-100
72
126
-40
-22
-93
-26
73
0
-7
93
-128
-29
29
62
94
121
-28
82
-70
-98
43
-117
-122
-69
-70
-78
-67
-70
-38
-101
-81
71
-109
21
-83
-20
0
125
-39
91
-116
73
-123
13
-73
-53
-61
116
7
39
21
56
-99
110
86
21
-97
-52
-106
75
-91
51
-55
52
67
17
94
70
48
124
-24
64
63
44
-118
24
54
0
25
-53
-46
1
-58
-2
-46
105
-18
45
68
95
102
-106
-16
7
88
-82
34
31
99
-66
98
78
85
-48
-97
-106
92
-115
-84
80
31
-103
-112
-29
60
87
61
103
21
-28
-1
0
-39
-10
-65
-38
26
68
-70
93
-38
121
-126
-33
93
2
-23
108
39
84
-49
-106
75
0
80
-19
56
-63
57
38
51
-111
-34
-74
46
26
19
111
-26
67
57
116
50
24
82
71
-120
-3
-102
86
-36
21
82
-29
-112
-47
-54
-92
-123
-33
-127
-13
109
39
59
77
98
-34
106
83
43
-35
44
-70
70
-93
109
21
-72
85
-44
45
-11
-48
47
-83
-53
110
33
31
104
-60
-115
-13
6
1
-105
35
-44
-48
7
81
-31
87
-2
-50
-76
-116
-38
65
117
119
-89
-39
-122
91
-67
50
-9
50
60
59
75
0
-16
-109
-100
-127
-122
3
33
114
-82
-68
-118
-11
-99
38
-18
43
-19
42
-34
-26
8
94
24
-92
64
86
39
80
-91
7
-95
3
-91
121
-114
-105
28
23
-41
86
-94
73
110
77
-23
-116
73
10
-37
-34
66
-41
48
-82
6
54
-69
42
-7
-87
-76
-82
126
103
56
11
-97
127
82
-80
70
-114
-58
4
118
-103
-104
34
-126
-45
-29
121
56
-2
44
113
-97
-89
20
-60
90
-58
41
105
58
-46
-48
1
69
20
80
1
69
20
80
3
105
15
74
118
41
24
101
78
40
3
-50
124
120
-110
79
-87
-123
-73
-40
-92
66
5
-35
-31
5
-102
-46
34
78
60
-75
31
121
-56
-33
-116
-25
-110
-67
43
-123
-36
-74
82
-91
-128
-47
-26
-45
52
-3
-84
-42
-74
19
22
-106
89
-28
-29
116
-110
48
127
-107
70
66
-27
-72
0
-12
-21
93
-17
-60
9
86
-60
-3
-94
-19
124
-67
49
-93
95
61
-95
-108
36
-77
62
-19
-95
58
-126
70
118
14
8
-5
-58
-72
83
36
-61
80
-72
-110
-23
-102
43
-93
111
-74
-14
-26
-20
52
-112
89
65
-3
-40
-119
103
-3
-29
12
-66
119
28
121
125
40
2
-35
-91
-44
-9
-10
100
-22
62
124
-41
67
116
87
87
81
108
-60
-97
54
-47
5
-66
23
25
125
-95
73
28
-31
73
-29
-102
-89
118
-42
58
92
-21
115
38
-102
-16
-84
28
-18
-111
73
-126
-57
-127
-13
92
-29
38
121
14
65
-38
115
-76
-128
56
-55
-85
113
106
80
-115
-85
28
-47
-58
-80
-30
101
-128
70
-85
-10
21
3
38
121
-2
85
38
76
101
-108
31
-30
115
77
-104
-39
106
54
-119
22
101
-67
-5
100
-114
-16
91
-54
-59
6
-96
-37
-127
50
-52
-61
-18
-59
-97
-70
6
1
84
61
115
72
100
54
90
115
91
-35
-93
-83
-74
-92
-105
-13
41
120
-66
-47
34
75
-88
93
-87
-5
-58
53
57
75
120
-1
0
-120
-25
4
-97
-105
61
1
-43
-106
89
-19
-60
-49
13
-84
58
124
108
-37
39
-43
31
55
14
78
126
104
-111
14
-26
-112
-100
117
28
125
-20
116
-51
99
11
-117
-79
44
-73
-106
58
-99
-44
-77
-29
100
-6
-52
-48
110
101
36
-25
-56
-77
-120
-113
-70
78
92
-112
15
-53
-114
120
-83
120
-49
-39
-25
54
-9
12
0
-75
77
-52
-46
-54
-45
-63
104
122
4
35
31
-66
-72
-7
-121
126
-81
-45
-118
0
73
-76
-24
-98
-47
110
-90
-77
-80
-98
3
-125
37
-26
-65
43
70
-91
78
48
-47
-38
47
27
121
63
120
6
39
29
113
-102
-121
91
-15
20
-70
93
-75
-69
-60
-102
-60
-74
72
-97
-68
91
29
46
43
8
84
112
0
13
42
22
32
100
96
14
-35
105
111
94
121
37
105
78
-107
113
-88
-123
69
99
113
121
59
36
16
-95
-27
73
-73
-64
77
-67
-62
103
118
54
-25
-110
42
-76
-102
-123
-75
-35
-16
-75
-44
110
-18
2
108
-13
24
107
4
-58
-86
-89
-95
-114
-38
32
-101
-105
43
-113
-104
-4
-68
83
2
-58
-97
-86
-66
-87
110
-101
53
11
-56
-25
117
18
8
-1
0
-75
96
103
29
63
-124
112
120
-19
-97
-62
-94
-43
109
-19
-90
-69
-117
127
-10
-44
100
-90
-23
46
-19
33
-126
103
8
15
118
9
-26
-112
50
78
-34
-100
125
43
49
-12
-85
104
-75
-120
-51
-82
-127
-87
92
-77
-80
65
113
110
90
-45
13
-73
-123
69
-13
85
123
15
-105
25
-9
53
99
76
-69
-72
-124
75
103
109
121
-88
-39
-36
-104
-74
-57
30
-69
106
35
55
57
39
-27
27
-66
110
-91
71
-56
-7
-12
25
-26
-128
18
-21
69
-75
-99
6
-79
60
34
-30
66
-31
-41
88
-118
31
-79
-52
-59
-66
-21
121
97
-126
-109
-64
7
32
16
71
-35
-7
-114
16
-55
121
29
-36
65
-20
13
-55
-72
65
4
122
-115
-53
43
69
50
-111
-60
82
-58
-103
-49
77
-69
-119
7
-127
82
-61
-88
-83
-68
114
-63
119
5
-52
47
8
65
125
104
-20
90
-35
87
-79
-124
72
27
12
7
56
56
-35
-49
67
-118
-86
-6
-75
-45
-79
-75
-45
-53
77
-91
72
124
-5
71
48
-122
-112
76
14
76
68
0
118
-16
28
-116
99
31
47
29
105
1
32
-106
-46
11
-83
-41
102
-29
75
-72
-76
97
-27
36
-111
-51
40
-78
39
13
-119
115
-72
52
45
-128
-28
-25
-115
-84
56
-51
92
105
-99
-46
36
-76
-99
-83
-28
50
-27
-19
35
-107
101
-5
29
-56
36
-57
-80
16
-40
87
-60
-128
113
-116
48
-84
-103
53
11
-51
88
-67
-34
44
-75
27
9
-93
9
117
52
-88
-47
52
-16
100
-121
-36
6
27
-51
76
16
49
-113
-107
-41
-125
-63
27
43
109
24
41
46
-99
40
91
-87
87
101
-51
-56
-119
121
-37
-127
28
-21
-65
-127
-76
-128
27
-72
-34
122
80
5
89
38
121
102
-111
-27
-69
89
-82
-91
-3
-43
-60
55
33
20
78
-47
-109
-70
22
80
-96
41
25
37
91
-116
-7
-117
-36
83
-29
77
67
80
-102
-47
52
-51
89
-98
-26
120
-39
-20
-11
55
79
49
-19
-58
1
123
105
-128
15
-113
-105
105
-63
80
119
103
-90
41
-109
89
52
119
68
23
-106
105
110
36
88
-26
-70
-73
-127
36
17
92
0
-72
-109
5
74
-113
48
52
89
-63
0
-32
-9
-86
-34
31
-109
78
-125
-19
-110
91
-22
26
-122
-105
27
76
80
-111
-103
39
-73
-70
28
-66
35
-38
114
10
18
-89
10
64
-37
-42
-128
58
127
11
93
121
-9
-42
-86
33
-106
125
62
-34
113
12
-102
100
-117
-5
-51
50
98
-60
110
-54
-116
-70
-17
86
81
-49
70
29
-70
122
-36
0
-120
-128
62
-8
-56
-58
7
97
94
91
-94
19
-3
-84
-41
-106
54
119
49
-33
-69
-86
-21
86
76
-95
1
-21
-5
-24
-56
3
44
24
110
-32
-1
0
30
70
112
43
-45
108
17
82
-51
54
-76
-52
15
-51
-5
-30
75
-116
-13
-125
-98
123
-45
17
104
82
-46
82
-48
1
69
20
80
1
69
20
80
0
105
-113
-115
-89
56
-12
-26
-98
105
-89
-91
0
121
-65
-60
-117
24
13
-43
-115
-20
-14
-64
-77
34
-7
54
0
-38
-68
-116
-77
-77
-123
12
31
120
85
-61
52
100
29
-89
4
19
-19
92
62
-87
-94
88
53
-67
-75
-68
-2
32
-5
85
-91
-116
-101
-84
-40
92
70
-78
77
118
-33
49
50
9
16
100
40
17
-81
-54
79
-34
-9
-81
96
-15
86
-102
-41
-38
60
-81
28
13
113
61
-70
-103
34
-119
85
75
-69
-87
12
0
36
-128
57
81
94
81
-82
93
69
13
-49
-18
109
26
103
72
-98
40
-27
-76
-111
55
-63
33
-38
-59
-117
127
112
101
15
24
57
-49
-75
0
84
97
20
-10
-42
-82
-105
19
125
-97
-49
107
-121
-107
-56
119
-71
-14
-119
119
-107
-108
41
33
65
13
-123
99
-113
-34
47
-91
77
115
125
29
-51
-68
-96
-33
121
54
110
-126
91
-58
120
-10
72
-16
-12
72
-29
32
0
-69
-107
15
99
-2
-78
-79
-20
-83
47
-95
-76
-67
-41
4
-33
107
89
17
28
-56
-85
36
-88
-62
5
57
8
54
-14
25
-111
71
-34
-57
-41
20
-37
121
47
46
97
121
69
-77
-98
86
-22
80
27
98
25
103
-30
24
-104
49
-29
110
-40
-3
112
88
-46
3
94
-33
84
-44
-90
-67
-114
40
117
72
-82
117
13
-90
-34
-38
11
40
-56
-114
-50
37
-28
-31
-119
-61
118
92
-32
-15
-114
-103
-51
90
58
-107
-119
-126
-40
62
-94
-42
18
-93
-124
-45
45
-27
-108
-128
33
-28
125
-93
59
62
103
57
-105
105
57
31
119
-114
43
18
75
-69
-51
104
77
-89
91
65
-72
36
43
-89
-61
34
62
-33
48
70
-37
-38
64
27
29
118
39
76
-11
-10
-89
-53
14
-97
27
-68
49
-36
-39
-76
-73
18
46
-101
30
-24
-120
-102
56
65
0
-56
61
-66
70
-10
-53
80
50
-31
-115
-11
59
-76
-123
-18
-32
104
110
37
116
-45
-66
-46
-60
121
-46
71
-52
-45
-56
81
-45
36
54
24
18
49
-124
92
14
-71
-126
-50
-59
38
102
-110
-38
2
32
-108
-79
-39
121
124
-47
-66
-94
23
111
-6
67
-52
-32
108
-113
-25
82
21
122
-69
-114
-43
19
-83
-80
-67
-103
45
-42
71
123
88
-110
-62
-38
96
86
36
-36
84
-93
51
47
37
-2
-9
98
-67
57
-21
-62
-22
-126
-1
0
88
-126
107
75
85
88
-51
-66
-37
69
-111
6
-58
-7
73
36
-110
24
-125
-99
-96
117
29
-3
-88
2
-111
-48
109
-27
-44
86
-2
-14
33
127
51
-61
-103
26
-10
-4
-63
6
73
-56
-61
-124
59
15
35
104
-33
-100
16
107
66
-36
75
27
-67
-107
-83
-109
70
-118
1
-97
79
-44
47
18
-2
13
-115
-43
-32
96
67
23
-29
7
4
-11
-87
-82
117
4
55
35
-54
-79
123
-105
91
-61
35
-37
68
65
-115
48
-90
63
-69
-125
-114
-128
-25
-48
-118
-87
97
-90
27
121
-113
-101
109
112
-113
100
-30
87
-115
-26
4
-127
-61
109
-14
-47
88
-112
113
-97
-50
-128
46
92
-7
34
111
54
-38
116
-71
-106
-56
52
-23
34
-86
47
-38
-94
-57
-50
28
-18
-63
0
16
15
-12
-19
18
79
123
52
70
-39
-83
109
34
-47
-89
-37
-88
67
116
-15
-123
107
91
-96
-64
-128
19
-52
-7
-45
114
-111
-14
-114
119
-98
122
-45
-98
-2
75
-55
21
37
-45
103
81
111
35
-62
-98
106
53
-89
-102
-78
6
-63
44
-22
-39
-38
66
-109
-64
-59
88
-45
-19
117
7
-122
-42
89
108
-11
31
38
-38
-12
-84
107
20
-30
91
115
-55
63
55
0
-97
-112
-73
69
-25
-125
-100
26
0
93
-74
-6
-76
44
-16
60
-23
37
-62
-101
-101
120
-53
-59
-108
-103
63
118
64
85
85
39
32
68
121
-25
-46
-95
91
-11
75
-108
-13
-116
-79
89
52
111
115
9
-71
80
54
-57
-57
-99
24
35
56
-1
0
89
-47
-77
-126
-128
83
110
37
-102
-49
81
105
109
-89
-102
59
59
43
-56
-68
-61
5
-77
-76
94
89
64
-19
-71
84
-128
7
92
-100
-2
6
-83
95
-83
-70
91
105
30
27
17
-61
4
-126
-30
91
83
115
36
-47
-82
85
-9
28
-16
75
118
3
27
121
39
-75
0
54
107
59
-115
78
25
37
-125
83
105
52
-124
-124
-103
-19
-47
-111
11
-37
-56
15
-106
71
-53
-69
8
-34
102
72
92
-31
50
42
-121
-38
101
-74
-77
-69
-101
85
86
2
-33
101
-90
-96
114
-46
125
-86
48
73
-118
112
-100
17
-103
21
-2
97
-97
-68
71
-67
64
116
-1
0
-76
8
-20
-59
-12
49
-37
89
93
-51
-89
92
79
28
-84
55
41
-109
3
42
20
-18
31
57
29
121
-49
65
80
-23
-77
38
-103
62
-3
82
-2
-9
22
5
-84
-11
9
38
-5
-95
78
54
16
55
49
63
-68
-119
-121
56
-5
-61
-113
80
15
69
-16
60
83
-35
106
81
-82
-79
115
20
-6
-115
-113
36
-57
-72
72
-123
-78
16
63
-53
-54
20
-57
-34
39
24
92
-100
-41
-87
32
33
112
113
-69
-66
43
-49
-4
29
103
113
21
-12
38
89
17
-11
27
72
13
-75
-30
54
80
-78
-100
108
124
28
-109
-60
107
-36
-16
-26
-67
1
6
20
15
-21
76
67
-123
45
20
80
1
69
20
80
1
69
20
80
2
26
74
117
54
-128
20
87
-113
-8
-45
66
-73
-46
-75
104
-75
9
96
73
-46
76
-106
-106
43
119
66
-68
32
-7
-118
-122
92
0
-99
112
49
-98
-4
-41
-80
10
-53
-43
-12
-56
-11
-115
54
91
107
-124
-38
89
91
107
21
-35
-27
-110
8
-36
61
-7
-51
0
120
45
-109
91
-58
-80
-57
119
26
92
125
-82
85
-118
40
90
102
-74
-35
-26
76
-84
84
6
13
-26
-12
28
-19
94
-97
-19
84
94
36
-65
-109
78
-72
-114
39
-75
-60
112
-103
-26
-106
-42
72
-2
-30
-94
-124
-117
107
99
-26
31
-70
7
-128
58
118
-21
77
-42
110
39
-48
-11
-115
66
8
3
91
58
-36
-86
-51
36
-82
74
43
109
98
-104
25
12
-101
-114
58
-79
-58
107
-97
-69
-14
-82
21
-73
75
13
-59
-35
-52
82
-92
-78
50
-7
-116
24
-18
110
25
-119
-24
92
-127
-113
64
125
-24
3
-95
-44
47
45
-76
-85
24
-58
-116
-52
-13
88
88
69
24
104
-91
121
8
-111
-36
43
28
109
35
56
-113
24
13
-64
-35
-44
26
-38
-118
27
-117
91
-122
69
-71
-114
59
-120
-82
4
33
109
-18
100
51
34
-86
3
-76
-58
34
59
121
25
-63
-11
28
87
29
125
105
38
-83
-90
92
-59
-66
54
75
-104
-32
-100
76
-52
37
-105
110
95
-27
31
54
112
9
95
-5
-22
-82
-91
-74
-95
111
111
44
121
48
90
-57
118
-70
-121
-37
35
-38
-51
27
-88
94
10
47
81
-14
-109
-100
99
-102
67
58
8
90
-21
91
-106
-29
101
-63
-122
59
91
-19
-77
73
-26
20
-110
70
-3
-40
-5
-53
14
87
-26
82
57
-57
59
-122
125
51
53
111
-74
65
113
121
22
-97
52
-42
108
-105
77
-26
-52
-101
-93
-34
1
35
115
28
-111
-73
39
-66
121
111
92
86
14
-85
127
113
2
-22
14
46
25
-94
-68
-116
92
-119
-25
79
40
76
-22
-69
-72
87
27
72
39
3
-127
-50
123
-41
67
27
-90
-92
97
-66
62
31
-75
-44
96
-44
109
0
-110
43
123
-124
-74
-3
-18
86
67
-106
-28
103
-100
-29
25
-30
-128
38
-71
14
-46
-3
-111
102
-107
32
-72
-123
127
127
105
25
45
27
-29
63
57
-33
-75
24
99
-65
-35
-29
-102
101
-74
-101
125
119
105
12
-83
105
107
61
-61
51
37
-46
91
-49
47
-107
42
-25
-17
-105
8
-22
72
4
41
57
-29
-114
-107
51
-38
-36
-35
91
-61
45
-29
8
109
-93
-101
-20
-9
22
55
23
9
49
-124
-82
72
-71
-62
109
12
1
-38
10
-19
-32
-28
-109
-63
-60
119
-42
122
-83
-61
53
-108
81
92
-8
-82
-35
-108
-55
28
-97
106
104
10
-10
-38
-22
-116
55
12
-109
-126
-36
12
-100
117
52
1
78
61
-102
70
-77
60
5
97
-74
91
89
108
-9
-60
-2
98
-128
112
11
-120
-56
-23
-97
-100
100
-1
0
123
-81
92
-37
55
-119
62
-99
-85
-33
67
21
-110
-61
37
-45
-52
67
-39
-66
-16
80
-123
80
-77
-85
114
114
-118
-39
-22
115
-46
-100
-102
109
-88
-75
-114
-43
32
77
34
-19
-31
113
127
118
71
-100
-74
-55
-73
-107
13
-9
123
-29
-122
-29
110
56
61
33
-125
73
-80
-126
-50
54
-73
84
-42
38
-110
-22
59
117
113
104
-63
-28
-124
48
-36
-2
115
-18
80
-65
43
28
99
-65
90
0
-75
46
-113
103
-86
-22
122
-61
92
-55
52
23
45
-89
97
79
-51
55
-52
55
124
-92
50
41
39
12
-121
-89
122
-110
-22
41
-20
-89
95
-80
-21
-41
-18
100
48
60
112
-50
-104
114
-53
-77
2
57
25
-50
-30
75
30
-88
113
-23
73
-25
64
-47
-55
-88
-55
-88
92
-59
-87
-54
-110
92
71
101
12
40
-93
8
21
64
46
99
57
4
-88
60
16
126
110
58
83
-94
-46
109
38
-70
123
-103
53
-7
26
99
18
-95
73
109
39
-29
45
31
-52
88
-66
64
92
14
-124
118
-28
80
6
54
-95
105
-86
-35
107
82
53
-43
-60
-110
69
114
-49
20
-46
74
-116
-31
9
-115
65
89
92
46
-48
65
108
114
63
10
-77
96
87
85
-42
52
-65
-75
106
118
-29
80
54
37
4
115
-39
-112
99
3
105
-36
-84
85
-127
83
-13
14
71
111
122
-74
-38
96
-97
85
-127
22
-18
11
-56
22
-20
47
-107
20
25
-118
66
54
114
-40
98
75
103
-109
-106
-49
2
-82
-8
7
64
-117
83
-44
94
20
-43
-60
-10
-47
93
-50
-81
18
-84
-125
-123
85
11
-97
-34
103
-8
-70
30
-101
122
119
-96
71
-83
-8
110
56
-114
-115
103
116
-5
94
-26
72
85
100
-100
-116
-105
-1
0
-127
119
28
127
42
-37
21
21
-83
-70
91
-64
-111
-58
48
-86
-95
71
57
-32
84
-68
-25
-97
90
96
58
-118
40
-96
2
-118
40
-96
2
-118
40
-96
2
-109
-67
45
20
0
-108
-104
7
28
116
-23
75
-102
65
64
28
47
-113
-68
45
46
-89
18
106
22
17
39
-38
45
73
-72
114
-85
-103
91
98
-126
4
125
62
98
84
14
-93
-83
121
5
-52
23
-49
120
13
-45
93
-75
-54
-56
29
76
-46
-113
54
34
91
114
38
9
-36
48
-7
31
43
-29
30
-100
-25
-23
-109
-126
-34
-30
-72
-17
22
120
34
-57
-60
4
-36
-101
120
37
-65
69
127
-77
-117
-127
-70
48
79
-34
27
113
-4
88
-63
-4
-24
3
-57
23
73
88
-118
-74
-86
-79
-36
105
-17
-106
50
-83
-124
126
99
-60
-40
42
89
-40
-126
91
114
-82
113
-113
-68
58
-26
-97
40
-122
-50
-44
-117
-37
73
-18
46
76
2
59
-114
93
-46
107
96
118
-105
42
114
11
-85
0
15
63
-63
-8
84
-9
23
98
57
-2
116
-68
-75
5
-78
-26
52
-114
89
79
92
-29
115
-107
45
-99
-69
-78
112
115
-111
-54
-118
-44
-46
-19
46
100
-74
48
-94
90
79
40
95
50
111
49
74
-106
-36
0
98
0
0
52
100
49
27
88
-122
-28
-11
-58
72
7
33
119
99
28
-105
118
114
-57
108
-85
20
72
24
39
-39
7
-103
44
24
-34
26
63
49
91
5
84
-112
70
49
-14
-31
105
46
108
110
32
-69
-114
39
67
111
29
-54
51
51
94
-7
119
9
51
-28
31
48
12
-19
85
97
-98
61
113
-127
-57
26
-9
-54
-106
55
51
-38
5
54
-112
-60
124
-9
34
66
-1
0
96
99
-49
-103
18
-100
-125
27
21
7
103
85
-61
122
-118
-89
108
60
-119
110
53
88
14
-100
-114
-64
9
100
73
39
-5
60
-103
36
-18
-27
124
-60
108
-98
54
-125
-57
7
-67
0
79
11
-72
-72
-106
11
-55
109
-19
110
32
-39
-2
-105
101
10
73
40
97
-73
27
-94
-38
-90
72
-13
-58
64
60
109
28
-29
21
98
-42
53
-44
24
-101
-109
-95
-52
-23
-9
60
-85
-41
-73
67
-100
112
98
97
-14
-98
7
84
0
-114
114
106
47
50
-9
-19
41
103
112
0
-112
-57
-26
65
20
-1
0
-22
-118
19
-68
42
78
-116
100
81
-55
-62
-108
10
61
5
75
126
-6
-54
-58
-51
119
29
-61
-110
126
-11
-45
67
-88
4
56
-22
-83
48
-34
61
113
-110
41
1
127
83
-122
-47
99
-74
-78
-106
-54
-39
97
-72
102
-59
-91
-76
10
-113
113
38
11
109
44
19
4
3
-100
-27
-121
-29
-46
-86
-35
67
24
-76
-127
98
-74
-122
-39
33
-30
73
14
54
-57
-115
-56
-80
42
12
-110
-32
-20
37
-72
83
-13
116
-89
-82
-95
6
-89
-93
53
-43
-83
-20
-111
-60
-15
43
74
-14
43
64
-82
56
-7
31
103
-104
118
-28
12
-86
42
-114
49
-110
42
9
-34
6
75
121
-18
-18
126
-48
-87
7
-6
61
-65
-103
39
-110
113
-100
24
-63
25
-2
-16
-53
109
-17
-111
-114
24
1
35
-44
45
-59
-67
-75
-75
-76
-112
-59
24
87
-49
-38
-47
64
-14
-9
124
-50
-79
-29
105
-28
-29
-89
59
72
-94
-30
-22
13
59
89
73
110
-29
-79
22
-9
-17
-26
44
15
104
-85
34
-19
-63
-115
91
96
-38
9
44
-128
110
-113
30
-29
-87
-87
-89
-34
-37
-35
-3
-107
-42
120
-18
8
27
-27
-14
45
-68
-60
11
-68
-115
-20
102
-61
28
96
-115
-96
122
-6
-42
-91
-35
-84
50
-40
92
-34
88
-61
51
-33
42
36
-45
-50
-63
82
-31
-101
24
-116
59
110
42
119
103
56
95
-108
1
-113
74
96
91
-75
-79
-121
92
-67
-37
26
-37
-37
-36
121
-118
-14
69
-69
27
-63
-57
-106
-72
-116
-86
-73
-54
0
63
47
0
-12
-11
-11
-51
3
64
-74
-46
44
44
-41
-20
-74
-79
-35
65
8
-115
-102
4
-38
-95
-74
-88
98
7
108
-19
-21
-24
5
96
-8
31
-62
-10
9
-94
-23
-70
-107
-10
-111
106
53
55
11
112
38
-112
44
-78
-122
101
7
118
-4
12
31
-90
63
30
-75
-35
-127
64
9
-46
-108
81
74
40
0
-94
-118
40
0
-94
-118
40
0
-94
-118
40
0
-94
-118
40
0
-59
24
-94
-118
0
66
41
-92
114
49
-64
-50
78
41
-12
-104
7
-75
0
96
107
-98
17
-46
117
-44
-116
94
91
-111
-79
-9
-106
-128
-7
110
-36
28
124
-21
-122
31
120
-12
35
-87
7
-125
92
6
-87
-32
59
-51
6
9
37
-75
-102
123
-83
58
36
114
-55
18
2
-54
-60
-79
-34
83
-65
80
27
111
7
-110
84
-28
-25
-41
-120
-56
-90
-20
25
-24
51
64
31
59
-78
-70
32
-14
-82
-2
-49
119
-73
8
-51
16
87
-120
-77
48
-7
6
-16
-22
88
112
85
84
-5
-88
-55
21
66
-37
65
72
-76
-87
-29
-115
22
-46
-30
121
55
74
-47
-37
-107
14
70
15
13
35
2
57
-55
-62
-66
58
124
-67
13
125
35
45
-99
-68
-52
-51
36
17
-77
48
-63
98
-68
-29
-21
89
115
-8
79
69
-103
-61
11
20
-118
78
-123
-31
99
27
55
-44
-87
27
-69
-11
-51
0
120
-115
-106
-90
-111
99
68
-71
73
97
-70
33
-99
26
82
-88
-91
57
-64
85
102
17
-1
0
-29
-98
-65
90
-98
109
61
80
58
77
51
-93
17
-14
-84
114
-60
-101
-113
-47
118
-81
-89
70
-51
122
93
-41
-61
123
9
-82
102
120
-17
39
65
40
63
38
1
-63
-58
51
-112
50
123
117
36
84
50
-4
56
-13
-62
-119
-75
73
95
-25
5
-103
-83
-31
-36
71
113
-99
-97
74
0
-13
-85
8
29
74
34
74
101
-102
-36
13
-41
14
70
-26
95
-87
99
24
61
57
7
43
-114
57
-85
76
73
5
-62
74
-22
-20
81
-38
57
126
119
-20
114
-7
-36
87
-39
24
-114
58
117
-81
82
-76
-16
62
-109
107
42
72
86
73
-118
41
85
-33
-80
112
70
14
66
-88
-51
91
-121
-62
-70
60
82
25
62
-56
36
124
-97
-11
-92
-80
81
-98
-127
79
0
126
20
1
-26
122
111
-123
-82
-11
57
-52
-10
86
-10
-86
-118
70
16
92
-76
-128
17
-4
78
-89
-81
124
3
-37
60
115
94
-119
-93
120
90
13
54
84
-110
105
-102
-27
-30
7
-54
14
6
16
-109
-55
-55
27
-104
-5
-77
18
57
-58
51
91
-15
91
-61
12
123
34
-119
17
63
-70
-117
-76
126
66
-92
3
29
-88
1
2
-16
41
-44
-76
80
2
82
-118
40
-96
2
-118
40
-96
2
-118
40
-96
2
-118
40
-96
2
-118
40
-96
2
-118
40
-96
2
-118
40
-96
2
-118
40
-96
3
20
-104
-94
-118
0
54
-15
-116
-97
-58
-118
40
-96
3
20
99
-81
-67
20
80
0
6
6
63
-99
45
20
80
1
69
20
80
1
69
20
80
1
69
20
80
1
69
20
80
7
-1
-39