-1
-40
-1
-32
0
16
74
70
73
70
0
1
2
0
0
1
0
1
0
0
-1
-37
0
67
0
8
6
6
7
6
5
8
7
7
7
9
9
8
10
12
20
13
12
11
11
12
25
18
19
15
20
29
26
31
30
29
26
28
28
32
36
46
39
32
34
44
35
28
28
40
55
41
44
48
49
52
52
52
31
39
57
61
56
50
60
46
51
52
50
-1
-37
0
67
1
9
9
9
12
11
12
24
13
13
24
50
33
28
33
50
50
50
50
50
50
50
50
50
50
50
50
50
50
50
50
50
50
50
50
50
50
50
50
50
50
50
50
50
50
50
50
50
50
50
50
50
50
50
50
50
50
50
50
50
50
50
50
50
50
-1
-64
0
17
8
0
-56
0
-56
3
1
34
0
2
17
1
3
17
1
-1
-60
0
31
0
0
1
5
1
1
1
1
1
1
0
0
0
0
0
0
0
0
1
2
3
4
5
6
7
8
9
10
11
-1
-60
0
-75
16
0
2
1
3
3
2
4
3
5
5
4
4
0
0
1
125
1
2
3
0
4
17
5
18
33
49
65
6
19
81
97
7
34
113
20
50
-127
-111
-95
8
35
66
-79
-63
21
82
-47
-16
36
51
98
114
-126
9
10
22
23
24
25
26
37
38
39
40
41
42
52
53
54
55
56
57
58
67
68
69
70
71
72
73
74
83
84
85
86
87
88
89
90
99
100
101
102
103
104
105
106
115
116
117
118
119
120
121
122
-125
-124
-123
-122
-121
-120
-119
-118
-110
-109
-108
-107
-106
-105
-104
-103
-102
-94
-93
-92
-91
-90
-89
-88
-87
-86
-78
-77
-76
-75
-74
-73
-72
-71
-70
-62
-61
-60
-59
-58
-57
-56
-55
-54
-46
-45
-44
-43
-42
-41
-40
-39
-38
-31
-30
-29
-28
-27
-26
-25
-24
-23
-22
-15
-14
-13
-12
-11
-10
-9
-8
-7
-6
-1
-60
0
31
1
0
3
1
1
1
1
1
1
1
1
1
0
0
0
0
0
0
1
2
3
4
5
6
7
8
9
10
11
-1
-60
0
-75
17
0
2
1
2
4
4
3
4
7
5
4
4
0
1
2
119
0
1
2
3
17
4
5
33
49
6
18
65
81
7
97
113
19
34
50
-127
8
20
66
-111
-95
-79
-63
9
35
51
82
-16
21
98
114
-47
10
22
36
52
-31
37
-15
23
24
25
26
38
39
40
41
42
53
54
55
56
57
58
67
68
69
70
71
72
73
74
83
84
85
86
87
88
89
90
99
100
101
102
103
104
105
106
115
116
117
118
119
120
121
122
-126
-125
-124
-123
-122
-121
-120
-119
-118
-110
-109
-108
-107
-106
-105
-104
-103
-102
-94
-93
-92
-91
-90
-89
-88
-87
-86
-78
-77
-76
-75
-74
-73
-72
-71
-70
-62
-61
-60
-59
-58
-57
-56
-55
-54
-46
-45
-44
-43
-42
-41
-40
-39
-38
-30
-29
-28
-27
-26
-25
-24
-23
-22
-14
-13
-12
-11
-10
-9
-8
-7
-6
-1
-38
0
12
3
1
0
2
17
3
17
0
63
0
-9
-6
40
-94
-128
10
40
-94
-128
10
40
-94
-128
10
40
-94
-128
10
40
-94
-128
10
40
-94
-128
10
40
-94
-128
10
40
-94
-128
10
40
-94
-128
10
40
-94
-128
10
40
-94
-128
10
40
-94
-128
10
40
-94
-128
10
40
-94
-128
10
40
-94
-128
10
40
-94
-128
10
40
-94
-128
10
40
-94
-128
10
40
-94
-128
10
40
-94
-128
10
40
-94
-128
10
40
-94
-128
10
40
-94
-128
10
40
-94
-128
10
40
-94
-128
10
40
-94
-128
10
40
-94
-128
10
40
-94
-128
10
40
-94
-128
10
41
9
-25
-83
86
-70
-72
48
70
-82
32
-106
80
73
13
-27
-88
36
12
30
-33
-122
40
2
-43
87
-98
-22
11
112
-58
105
-110
48
-85
-71
-117
-80
0
10
-50
-71
-43
54
-37
121
-126
-46
-3
85
-66
80
-53
22
74
-109
-58
74
-5
117
-86
7
84
-14
109
-15
38
-94
-22
119
109
6
-18
13
-127
-77
-48
126
-66
-99
-88
3
-93
-122
104
-25
-119
101
-122
69
-110
54
25
86
83
-112
71
-75
74
13
114
-66
112
-13
34
-66
23
122
84
-78
-87
-38
-116
70
-42
-24
126
64
-35
-114
79
-21
74
-102
-75
-37
25
18
67
28
0
49
45
36
51
-84
-98
95
-69
3
-37
7
-7
80
7
83
69
99
-38
-36
-35
-75
-85
60
119
54
-41
-59
-120
-14
-118
-2
-17
35
-116
-25
-88
-49
90
-69
5
-60
-110
112
-10
-46
-60
73
-57
-51
-113
-49
-118
0
-73
69
49
15
-53
-100
21
-10
52
-20
-48
2
-47
69
20
0
81
69
20
0
81
69
20
0
81
69
20
0
81
69
20
0
81
69
20
0
81
69
20
0
82
122
-9
-91
-82
127
-60
23
44
109
-2
-50
-106
122
-116
-57
126
71
-40
-50
-52
-3
91
-15
-49
-66
40
2
-10
-95
60
-48
-59
-5
-101
81
33
110
-51
56
-120
117
29
-21
-107
-97
87
-77
-75
-97
-54
-102
-22
27
120
-38
48
-87
37
-67
-21
75
49
-5
-89
-127
-126
15
59
69
18
8
-96
-106
57
46
-83
-12
-53
60
51
-106
55
-105
70
70
82
122
113
-98
-65
-53
53
78
13
68
-81
-106
35
-15
13
-124
39
39
41
101
-89
18
-125
-126
79
57
-21
-63
35
30
-122
-128
47
-53
119
108
-10
-122
88
-18
60
67
112
9
12
-69
114
-96
99
30
-128
1
-45
63
-113
-46
-95
-97
80
109
55
-54
-99
110
101
-115
90
63
53
-2
-37
-88
-111
-77
32
-3
-27
-38
125
-70
31
-2
-69
126
-41
37
-46
126
-25
92
-41
101
103
-3
-40
-110
27
78
3
-25
-82
49
-45
-21
73
37
-59
-27
-91
-116
-78
-53
-88
-8
-126
95
46
81
19
35
89
2
-49
-14
-116
-100
15
-31
36
-109
-102
0
-110
61
110
11
-31
18
43
-8
122
73
26
51
52
-118
-45
-18
102
3
63
55
43
-98
-104
60
-3
105
-105
19
-119
-91
9
22
-115
-94
92
70
-24
27
116
51
-95
114
122
112
49
-41
-33
-23
89
-46
106
-119
26
-58
-78
-22
119
-112
-103
72
102
123
-51
27
114
-7
101
-15
-80
-111
-12
-64
-4
13
93
-67
-105
75
-109
79
50
27
-19
14
72
118
-86
108
-102
-41
-55
4
-32
30
91
60
30
-8
-59
0
89
-73
-77
-123
-126
44
-66
24
-109
57
45
-67
38
94
62
-68
-11
-30
-85
-36
53
-107
-68
-79
-93
63
-120
52
-20
114
35
-63
101
56
-25
-33
-4
-102
-54
-126
6
-104
-92
-16
104
-112
92
-64
-121
110
-3
47
80
57
-37
-37
9
-21
-114
107
80
95
90
-39
-38
91
-119
117
-19
87
77
121
-53
121
66
-7
-79
-116
30
-92
17
-56
61
40
3
66
-45
-60
-38
118
-93
112
-115
97
-30
104
-47
-82
50
-79
-38
-35
70
-92
-28
14
120
-56
62
-11
-48
-63
117
120
12
73
44
48
-36
43
-109
-66
104
95
-27
95
78
13
112
-106
-38
-34
-95
122
-16
121
23
-38
14
-85
-53
110
102
5
94
79
-10
87
-114
15
21
29
-27
-118
33
-114
-14
125
31
82
-46
25
65
-26
-54
85
-98
32
58
22
-23
-63
-96
15
81
-21
-113
-27
78
-82
35
-62
-70
-27
-67
-59
-77
4
-41
-34
-18
56
-104
9
126
-41
8
86
25
-50
57
-49
31
-114
122
87
108
13
0
45
20
81
64
5
20
81
64
5
20
81
64
5
20
81
64
5
20
81
64
5
33
25
24
-2
84
-76
80
3
9
11
-98
113
-22
77
113
122
-50
-85
-91
-22
115
-101
115
125
53
-40
-119
-2
107
107
101
59
127
-32
124
-13
-45
-13
-82
-48
-25
-74
61
-67
43
-123
-43
53
41
45
68
-97
111
-44
34
82
-77
-80
88
52
-120
-73
-53
32
-53
112
-61
61
-122
9
-9
6
-128
51
-110
-54
100
86
-1
0
-119
54
-105
-89
111
-64
45
121
41
111
51
30
-60
12
-3
125
-13
72
-70
-91
-27
-66
32
62
39
73
-103
112
-90
45
51
79
-53
2
57
35
35
-114
112
106
-35
-99
-101
92
88
-59
56
-47
-39
50
73
89
-11
91
-126
-4
28
-32
-116
-100
-28
-113
-53
53
-98
-70
-128
-98
-29
-55
-74
-43
-18
110
88
-29
48
-23
118
126
90
63
24
32
-71
-2
28
-98
-66
-76
1
110
67
127
52
5
-29
-97
-60
-45
-17
34
101
3
16
12
-116
124
-103
61
58
126
-75
93
-92
-43
26
64
36
125
86
-43
11
-116
-121
-43
-29
-36
-65
47
124
-114
7
94
58
-43
123
-101
48
-15
-97
-75
-38
-61
7
-103
-5
-79
-3
-91
-88
60
-78
49
-35
-112
10
47
-87
3
3
-46
-90
-77
-45
68
-97
-71
-117
74
-73
-68
41
-9
98
-5
9
-122
37
-112
1
-121
-13
88
-27
-128
28
113
-42
-128
1
117
21
-66
-39
-37
-58
-9
118
-14
9
12
62
76
-82
-73
10
9
39
25
43
-116
118
-25
-88
-23
85
-18
117
80
-24
-48
-49
-29
61
38
-25
18
100
-83
-35
-113
30
-68
-13
-49
28
102
-82
-35
125
-86
-50
40
-111
-109
67
-45
-28
18
-126
-15
-83
-18
-44
78
-65
54
-48
55
49
-32
113
-34
-96
-72
-43
26
117
-14
110
53
-65
13
-36
110
82
54
-76
123
-125
28
-32
103
-98
-93
-127
-109
-23
64
25
51
79
97
19
-91
-60
-78
-8
97
-100
-73
-53
117
101
112
-16
-56
-53
-20
23
56
97
-51
111
-117
-53
-85
-108
-37
-91
-8
-126
-58
-18
49
-115
-79
-22
123
90
76
-11
60
-15
-4
-86
40
-19
-82
62
-64
110
-83
-18
-12
31
46
-39
113
36
54
54
30
123
49
62
-64
-11
-63
29
5
83
-102
72
103
-104
-117
-55
52
57
94
37
63
45
-59
-101
-63
-63
30
-89
-89
-42
-128
37
-42
44
93
-13
28
-66
28
73
-112
16
-26
125
46
97
-108
28
122
119
-7
113
-45
-75
99
91
-36
-23
-106
87
-79
-64
-102
-34
-71
-95
73
32
34
8
-81
-96
-7
55
96
-14
121
-28
115
79
-101
69
-45
-95
83
-28
104
23
112
-88
67
-103
-76
-53
-78
-29
60
-1
0
-11
-121
-25
80
-59
-85
-101
57
-116
81
120
-122
-30
-47
88
-86
-3
-105
93
-128
-100
-3
27
-48
-25
28
-48
7
67
-10
-122
-44
45
98
30
70
-103
-83
-62
-36
27
-101
70
10
-3
127
-71
-98
-67
-65
10
-23
124
47
-82
88
11
127
-20
-49
-79
-51
-89
75
19
99
-56
-105
60
-18
57
-56
-4
-21
-126
-70
-121
-19
-112
-59
115
38
-121
105
52
42
78
110
52
105
-16
84
15
-96
-21
81
91
107
-59
103
-35
-91
107
107
116
50
4
112
-22
33
-107
-29
127
-87
-49
94
40
3
-37
-41
29
-87
107
3
-61
-38
-28
-102
-84
18
61
-51
-70
-37
-72
125
-88
3
2
36
-32
114
49
-11
21
-70
8
-49
31
-99
0
58
-118
40
-96
2
-118
40
-96
2
-118
40
-96
2
-118
40
-96
2
-111
-70
127
-123
45
33
-23
64
25
-38
-59
-11
-99
-122
-98
-14
95
78
-48
67
-112
-91
-44
-19
57
-49
99
94
126
-74
-14
105
-80
72
98
-118
13
14
-37
11
-74
98
-90
91
-103
-128
-32
103
-65
124
-109
93
-10
-89
60
-112
-101
117
-119
-32
70
119
35
116
-64
-110
48
63
-124
117
39
-6
102
-72
-69
-122
-118
123
-112
116
-24
-122
-93
-84
-19
13
37
-44
-16
-113
38
30
6
115
-56
25
32
-19
-58
123
123
80
5
123
59
59
107
-126
-73
54
90
76
-105
123
-113
55
90
-84
-69
80
-11
-7
-108
31
94
127
74
-80
-45
-55
124
-65
99
109
82
125
77
-46
95
-102
-57
79
85
-123
83
-81
14
-8
-27
123
125
107
54
89
46
110
-81
75
51
-74
-71
115
19
-80
116
-110
79
-77
-39
-61
-100
-16
9
-21
-48
1
-2
-18
106
88
-18
30
-7
86
24
-89
-122
-3
80
-105
16
90
-113
38
-46
18
-83
-113
-98
78
-84
58
-15
-36
-125
64
23
76
-74
-10
75
-10
104
89
44
110
78
115
107
100
-122
-30
-28
-13
-3
-13
-64
61
-3
-79
77
-72
-73
55
22
40
-9
26
84
-77
-111
50
-80
109
94
-1
0
-53
-34
7
66
84
112
58
85
91
75
-91
-5
72
-75
75
-105
-110
96
-25
58
118
-107
111
-74
50
119
115
-70
83
-44
122
-97
122
-112
90
-57
5
-4
-66
101
-74
-117
100
89
-53
-57
111
122
76
-46
-119
8
-58
-30
1
-25
60
-116
80
3
-115
-76
17
64
110
126
-51
-93
65
57
108
-18
-78
68
-111
-43
122
96
-77
-112
-89
-127
-42
-104
-73
-42
-80
-50
79
-99
101
36
-126
34
-32
-54
-15
46
15
61
21
85
-79
-36
-2
117
43
89
-51
28
-96
-117
41
-33
114
-28
-101
40
82
24
-119
-50
120
-35
-56
7
3
-13
-88
-25
-110
-19
-104
-115
-102
-92
81
4
-61
8
-17
-32
80
-124
118
-23
-57
-25
-34
-128
25
37
-14
94
-55
28
-90
-33
67
-102
100
64
4
-124
-70
-56
23
-44
-80
81
-17
-7
116
-88
-75
43
91
-101
95
-20
-5
127
54
-26
56
-18
-117
-126
-94
-27
39
-117
32
-127
-13
9
121
110
-67
51
86
52
-85
-103
98
-65
-114
95
34
-18
111
40
-16
91
87
-115
-55
-21
-9
-128
-21
87
-68
71
121
54
-73
100
80
-38
-76
43
17
32
43
-37
11
-88
-33
-18
-97
-103
71
34
-128
48
34
-45
-28
75
-72
-42
59
27
123
-62
-84
26
69
101
54
51
100
-12
-64
36
-125
-45
-125
-19
82
92
-92
-10
-109
125
-98
77
67
82
-76
81
-106
-37
-86
89
-83
-52
4
99
-68
-125
-94
-11
-51
103
75
113
102
-48
-101
105
36
-47
-92
-110
116
-38
109
-18
-94
-106
-38
73
6
79
82
122
125
106
-53
-49
113
102
-128
-62
-38
-90
-103
2
-80
-7
33
34
-18
-35
-6
115
-72
118
-28
-126
40
3
54
-17
76
-114
57
62
-46
-102
72
-14
-29
25
26
-89
-121
-25
-36
-111
99
-98
80
-100
-11
-29
-15
53
83
117
-58
-83
40
-126
43
-3
59
88
-111
19
121
-5
82
52
55
8
-71
-57
-51
-48
-29
-45
-102
-48
104
-47
-18
100
-71
-122
8
-81
85
0
13
117
-93
75
-27
-36
68
113
-45
-54
-17
-112
71
-31
-102
-95
121
40
-43
-104
58
-78
-22
45
19
15
-35
92
-113
-79
-35
-95
-57
98
62
-1
0
-80
-9
20
0
-51
19
88
-2
-52
-69
19
90
22
-75
-128
46
-51
-111
79
-26
-58
-64
17
-55
61
-72
31
-107
123
-19
-76
-90
88
-43
-54
-29
112
12
48
-39
6
-66
107
-111
-20
-18
111
-99
35
-126
89
48
-33
-68
85
65
12
-5
-13
-4
93
-97
-4
107
-48
126
30
-8
-90
40
38
-102
-54
-17
112
-97
8
-80
-87
39
43
31
65
-111
-40
-26
-128
61
106
-118
104
60
-32
-11
-89
80
1
69
20
80
1
69
20
80
1
69
20
80
1
73
-38
-106
-111
-70
80
7
57
-30
105
-31
-73
-122
57
111
-81
100
-75
-78
87
-58
45
-7
121
73
29
58
112
1
-25
-16
-82
50
-22
65
18
91
-40
-33
105
-20
82
48
26
-45
71
-45
-103
-43
-112
109
-25
-50
32
-13
-128
-39
30
-26
-70
-1
0
16
79
115
12
-24
-38
122
121
-9
-71
59
11
-90
-27
-73
24
25
60
114
51
-46
-72
43
-119
35
-106
-26
113
105
53
-67
-73
-51
-66
125
82
-21
-108
-36
127
-121
105
97
-43
-119
-57
61
22
-128
44
94
91
-53
29
-76
102
-2
-7
26
-22
66
118
105
112
-38
-117
-104
-83
-108
127
-49
56
64
27
-119
82
-92
-106
60
115
-114
-75
61
-56
-106
75
-79
101
121
-74
-3
28
-72
-117
75
83
-68
22
-5
-63
-82
95
-96
81
-128
125
50
113
-23
81
105
-93
-20
86
-79
75
100
110
45
-123
-41
43
32
64
110
-82
113
-109
-106
-49
8
57
-35
-18
49
81
-39
-36
9
4
80
-57
10
4
-33
-125
2
41
-14
-105
10
-57
124
-46
-97
-11
-54
-91
71
-35
29
77
0
105
35
94
-68
50
90
70
-1
0
-22
-31
33
108
44
7
-111
103
9
95
-32
121
-57
61
70
15
-41
-91
67
17
88
45
84
70
-30
59
-121
96
36
-121
74
-113
-49
112
-39
-7
-127
-103
-6
-114
14
79
-91
63
118
-29
-10
-103
20
77
109
25
41
53
-36
-92
-83
-91
-72
-57
34
40
-65
-27
-95
4
-128
51
-41
115
122
98
-103
37
-54
55
-105
3
72
-9
22
-52
60
-56
-116
-65
-69
12
-68
-32
37
-68
124
-112
0
-29
-23
64
9
59
-23
118
-8
123
-87
44
98
-107
-28
0
-75
-19
-61
-51
48
-29
-8
-107
120
-49
24
-64
-86
-110
29
50
57
-40
-17
-45
90
79
53
37
-114
72
-12
-87
89
-74
124
-68
125
-18
79
90
-79
113
121
113
108
16
65
47
-39
75
127
-85
-38
35
-73
45
-98
0
-40
67
57
56
-11
-25
-118
-89
60
-102
-116
-110
-30
75
-115
90
89
93
115
-27
71
46
-63
-69
-44
16
80
-98
6
121
20
1
3
-1
0
103
79
127
-68
-53
8
80
-28
-106
-109
67
-58
125
-78
78
71
110
115
-34
-124
-118
-34
11
-72
-51
-109
-39
-119
11
103
17
64
64
-109
-73
-4
-77
-112
-109
-116
30
-44
-10
-75
-44
-59
-92
-52
-48
-22
-27
-126
-18
12
-105
80
-69
-109
-49
69
99
-69
119
-29
-23
89
-73
80
-55
22
-55
101
59
-92
84
44
6
-89
-89
21
57
-28
100
-56
-71
10
48
7
-27
-17
64
23
-34
-5
-50
17
-76
-45
-67
-78
-56
54
-117
98
-63
-61
-128
121
-7
37
10
64
-28
-109
-49
53
74
59
72
-83
89
-93
-46
-90
-73
70
-124
15
46
93
54
113
111
38
-29
-98
-112
-65
-53
-98
-35
121
-26
-87
38
-93
52
113
69
44
19
75
110
-123
-53
48
83
-26
-64
20
99
-79
-49
-66
71
7
-12
-85
34
-14
-21
80
-79
89
-18
-39
36
-75
125
-64
0
-94
-22
15
-105
-110
88
-16
-53
-44
113
-98
-39
-17
64
19
93
-59
13
-42
-96
-79
92
-55
105
-3
-92
-60
20
-73
-98
15
-80
-34
48
-1
0
-90
76
-121
12
120
39
-12
-90
-33
89
13
82
100
-73
-69
-123
-11
27
-92
80
90
-34
-11
86
-34
-19
35
-55
-24
-61
-119
23
57
-57
-95
56
-87
-106
75
-56
-83
-91
-73
-72
70
-126
55
42
113
44
102
-14
-44
-87
56
32
55
-33
-117
56
32
-10
-28
31
90
105
-71
19
-38
8
-113
-39
-123
-96
37
99
-118
121
26
120
-122
126
-10
-39
56
120
-36
-109
-48
-28
96
110
-10
-96
12
-58
-45
-31
-70
-111
-19
-27
-112
-22
-111
35
-100
91
-22
103
-55
-71
-127
-57
25
-115
-65
-117
-45
-21
83
-23
86
112
94
-35
-7
73
119
34
-54
28
9
96
-44
6
-39
-74
-25
-96
108
114
58
-113
-83
95
-110
25
117
18
-112
-35
-122
-66
72
-29
98
-74
-102
-117
-84
119
17
116
25
-119
-57
15
-24
61
-22
16
-14
70
12
62
115
106
-31
98
44
-10
-9
35
-54
-72
-117
-73
-106
51
-41
-72
-50
122
-48
7
-76
-23
-41
6
-26
-47
28
-90
-52
-127
-123
39
56
24
-85
-75
-25
30
17
-43
-62
77
42
-61
118
94
61
-119
-70
-34
-29
-28
-14
61
-127
-18
123
126
29
107
-47
21
-9
80
3
-24
-94
-118
0
40
-94
-118
0
40
-94
-118
0
41
15
79
-2
-75
45
33
-50
56
-96
14
83
-59
11
20
-47
-104
-82
75
90
-39
110
6
-30
117
59
90
70
-29
96
83
-33
-100
-2
85
-59
-36
121
-117
5
-83
-58
-91
105
-26
91
92
124
-106
26
80
76
-96
80
50
25
-72
-22
17
115
-11
106
-20
-4
73
44
-85
113
26
34
52
-9
37
-113
-111
111
-65
104
60
114
-37
-79
-57
29
-67
-21
-102
71
-71
-70
41
30
-104
-53
28
-105
-97
45
-67
-61
54
-16
-120
-93
44
-25
-90
1
-64
31
-16
49
-23
64
21
-42
105
86
118
-118
-39
-2
-45
-86
103
55
97
-26
16
-59
15
-5
12
-35
64
-23
-127
-2
-64
-88
-106
41
110
32
-75
100
81
61
-76
-49
-74
48
-53
-75
-17
-120
108
109
10
63
-43
-62
58
-100
127
10
-91
92
-102
69
-125
78
87
-116
45
-50
-97
-72
71
107
1
111
-8
-7
113
-99
-50
-57
25
-29
107
-98
125
106
-124
-85
18
93
94
110
-67
65
112
-118
70
-91
124
15
-6
-104
-65
-25
-100
120
28
49
-7
87
35
-5
-76
1
-90
-86
-55
114
-80
74
-91
-17
-29
70
17
-64
-68
91
90
32
7
105
-50
115
-64
-32
-6
-106
61
51
-59
88
-27
46
-9
17
31
54
-32
16
124
-64
-110
-7
22
-95
-9
12
-27
-57
-52
125
-2
99
-102
-128
-56
30
11
104
-94
-109
118
-99
42
17
109
107
40
-36
110
88
110
34
105
95
-82
-46
65
63
64
42
59
-69
-68
68
-110
-56
-23
8
-119
68
96
-79
-59
-76
91
70
49
20
127
-14
-47
-14
14
9
28
-28
-6
80
5
-103
37
101
114
108
-46
-32
2
-120
-84
-70
101
-73
-52
-52
24
41
-59
-52
-121
-98
-103
-24
122
82
75
61
-60
81
73
29
-59
-116
-14
-92
-113
-126
-9
-102
-118
72
-4
-88
56
104
-8
7
-90
58
-42
120
71
-70
-37
115
37
-77
75
27
58
-97
-76
106
115
-7
112
109
-38
0
104
-30
7
-114
113
-113
83
-72
-9
-84
-21
-85
-53
88
-26
-106
65
127
-92
101
11
43
-92
122
105
104
-40
-116
-128
60
-50
-35
0
39
-38
-128
44
-22
70
-49
22
-62
125
51
79
-116
-77
101
90
91
38
-56
-40
71
57
92
-81
110
14
-22
116
-73
-59
-91
55
49
-50
98
-115
-122
100
-110
-42
-29
42
-60
112
50
-121
-81
-26
43
32
92
-39
-20
-36
-105
54
10
-46
-128
-59
109
39
-110
19
-69
57
-64
29
27
-73
110
121
-90
59
-92
-46
-3
-90
-26
57
-32
67
-112
-13
-68
62
92
-56
20
127
121
50
-99
-49
-89
90
0
-76
-105
-73
15
43
-101
93
-114
87
105
-98
107
64
35
-107
1
-23
-5
-90
31
63
0
-2
25
-83
-83
42
-16
58
44
-90
56
101
35
112
23
54
72
87
96
-57
59
-30
39
-100
103
-73
81
-12
-82
103
18
-36
-74
-30
-15
-34
-37
2
24
-84
-121
115
-113
76
55
-44
103
-125
90
-22
100
-72
-35
52
-86
100
116
-58
-11
-99
27
-52
-113
-45
99
-127
-107
-11
-28
80
6
-19
-42
5
-73
-38
32
87
-71
-116
-29
117
-51
-127
10
-35
122
-55
31
112
61
15
108
-43
11
-103
-124
111
60
-41
87
106
81
-79
24
-68
-76
-124
-74
78
-33
-69
52
93
-67
115
-23
85
19
-50
-110
83
123
112
-78
33
-74
80
-122
-32
54
-25
92
-25
24
-111
14
8
-25
-8
-126
-29
-111
-17
68
-83
40
-110
75
-94
-41
54
-5
99
63
-15
48
-45
-29
-36
-123
-121
105
80
30
-64
3
-12
20
1
37
-45
-38
-60
-111
-83
-39
-73
-74
-77
46
82
54
-55
-72
-73
-112
-15
-36
97
-95
-56
-58
57
-64
25
-29
-118
-85
-85
-35
34
121
102
-2
-38
121
81
81
-109
108
-18
62
-48
-118
58
-68
114
47
85
-2
-72
53
36
86
-49
2
61
-46
-70
-23
-17
38
-41
107
-35
36
121
-80
-56
-57
39
18
-58
122
15
-30
-6
113
85
-92
-126
59
120
94
-30
102
-118
-54
23
99
44
87
-106
75
-25
65
35
-11
2
68
60
-87
35
-97
-96
-10
-96
6
69
127
26
-52
-81
115
114
-45
-108
113
55
-51
-116
-32
123
-113
-67
94
-91
-32
-35
82
9
109
-25
-75
-5
122
77
62
-31
33
83
-43
50
49
-125
-8
-118
-15
-39
-31
-118
0
75
-59
4
49
-56
-37
22
123
111
-98
-39
-100
-11
-56
-22
-67
-113
94
-122
-69
31
7
95
43
-34
-96
-125
19
69
25
69
51
71
18
-54
-83
-56
-7
-117
118
-11
-4
104
3
-40
7
74
90
-118
-34
81
52
75
34
-112
67
0
114
-67
42
90
0
40
-94
-118
0
40
-94
-118
0
40
-94
-112
-12
-96
14
83
-59
58
121
-72
95
-77
89
74
96
-67
-66
112
90
110
120
84
31
-2
-95
92
92
48
-68
-73
92
72
62
-49
116
-91
97
12
-63
86
24
83
0
-4
-64
127
17
17
-15
-2
21
-24
-98
36
-126
-30
125
48
-61
102
-103
-70
-108
-123
86
-23
-76
2
9
-2
85
-27
-13
1
117
127
115
28
-9
38
45
33
2
68
-46
110
42
-14
50
-128
0
67
-100
114
84
-79
-1
0
118
-128
54
99
19
-79
-74
-102
-61
-54
91
-103
85
-106
-42
50
48
45
-31
29
-49
28
100
4
31
-16
42
-57
89
18
-34
-48
-58
-15
121
-102
109
-93
-127
25
16
-19
55
83
-28
-86
115
-43
-71
-34
105
-14
-40
92
-117
-53
-121
-118
108
-22
-105
-127
124
-27
-64
69
-74
-116
96
-127
-98
-124
-29
96
-57
-88
53
106
24
-99
110
-110
88
4
102
20
98
44
99
102
-31
-97
-95
114
79
-96
-36
127
-3
84
1
-105
37
-51
-92
115
-70
4
-114
93
82
68
15
49
-111
-10
-59
103
111
-61
-108
-111
-66
-16
-62
-29
35
-3
-84
83
-117
91
73
11
-22
8
99
-118
40
83
96
-44
31
-26
64
49
-9
109
-105
-45
-109
-76
-6
-18
-85
-73
-80
-92
-106
114
68
35
73
-19
-90
-71
2
120
-107
-66
123
-85
-94
-39
49
-122
7
-124
-35
-128
120
-24
-90
-85
-83
-88
-74
121
13
-63
75
121
96
77
-34
72
86
107
123
24
-128
-29
3
-93
74
-68
115
-18
104
2
-100
113
-84
-83
21
-2
109
-105
122
-27
110
-11
57
89
-103
-16
118
-121
84
-24
58
12
126
93
-22
-32
47
113
-49
-97
-87
93
121
96
-71
123
53
-14
-83
-13
-20
27
-87
25
-4
106
1
-27
52
79
122
12
114
12
-110
117
27
-65
-68
-40
-32
20
95
-31
29
54
-15
-48
123
-43
-111
43
-35
-23
-5
18
-2
73
-40
-116
-117
-125
109
-104
-43
125
61
-79
-21
-97
-61
-102
0
-55
-67
-74
-5
84
-50
94
95
-76
-94
-82
-42
-114
-22
37
-13
48
121
-58
-27
-12
4
12
119
-57
-67
103
-54
-15
125
-95
93
99
123
87
-72
77
-122
57
36
-37
-100
103
-88
-25
3
7
31
-99
109
94
90
-76
-74
75
19
-34
-75
-44
65
9
120
-83
-44
-88
108
118
42
91
45
-110
43
18
-30
59
73
88
-57
103
17
-106
-27
-58
-33
-77
-36
76
54
-25
-45
-18
-125
-110
63
-91
0
90
-13
-52
-41
107
53
-35
-128
-74
18
41
-14
-50
54
-56
-121
4
124
-78
-88
0
100
-29
-122
29
-3
-22
123
-101
-117
-119
46
33
-123
-99
4
-8
-7
97
-69
-109
-55
-72
99
-98
-87
-76
-112
-3
-70
122
123
-43
53
-102
11
57
96
-122
-46
51
103
41
-53
61
-123
-32
50
121
-121
-74
9
56
25
-57
-89
106
-68
-55
-79
72
-111
12
5
-104
15
-77
-51
-103
96
-25
3
-28
-111
70
84
-97
110
-8
-96
7
66
96
-110
-11
101
23
55
-117
124
50
35
-118
-14
-33
-54
-108
-100
99
-27
-109
35
-74
58
-118
-79
27
91
90
-68
-115
51
-22
54
87
79
25
15
62
-27
30
114
-10
83
-48
30
-3
-63
-29
-15
-86
46
17
12
63
105
100
84
12
-53
29
-74
-90
-83
48
-105
-89
9
48
63
47
39
-65
122
-107
108
98
-122
-33
-56
107
-113
-79
64
114
-19
5
-44
102
-18
-39
-121
113
-71
126
-31
-28
-25
-39
-119
-96
11
43
116
-87
35
79
40
-68
-124
-94
124
-41
-74
82
109
-62
14
118
-54
-124
12
119
111
-52
118
-83
39
30
104
-126
-30
-62
-39
111
102
49
42
75
115
-91
74
35
127
81
-66
18
54
-109
-100
-97
-57
21
74
72
-11
22
-5
53
-32
125
78
-43
74
-88
50
105
83
-117
-88
-126
-114
112
-56
-61
-123
-25
-41
-96
-59
66
-77
-37
78
-56
-110
62
-109
119
38
67
121
-127
-97
77
-99
23
-80
29
-117
117
-4
104
2
-89
-39
-30
-76
-111
60
-5
-44
-45
-55
114
-119
33
-123
-83
55
17
-113
-67
25
12
28
119
56
-29
-75
104
104
-10
-80
-38
92
-60
35
-76
-75
-71
-40
4
-17
38
-105
114
35
70
108
-116
-115
-99
-49
30
-107
60
-80
93
91
-62
-111
60
122
-43
-76
36
-127
-74
88
34
-65
-119
61
120
81
-111
-58
57
-12
21
-100
-115
99
112
-46
27
59
-99
18
109
-110
20
70
-77
-100
-38
52
126
-52
8
25
35
-114
-108
1
-21
126
29
-43
83
81
-73
63
53
-63
-112
-128
-37
46
19
99
-32
-114
-72
-83
-34
115
-19
92
-81
-122
46
38
-5
37
-60
50
-69
-26
54
27
12
-14
-84
-116
-53
-45
63
41
-50
58
117
-82
-91
78
64
62
-94
-128
29
69
20
80
1
69
20
80
1
72
115
-114
58
-46
-47
64
20
-17
109
5
-27
-77
65
-25
-53
8
98
14
-8
-37
4
99
-46
-68
-53
88
-110
61
49
-60
-41
54
-37
-12
-69
41
12
22
118
113
46
124
-26
-5
-91
-70
118
10
-57
-2
5
94
-77
92
127
-120
-29
-71
-79
-99
-11
80
-53
52
-7
-14
109
99
-28
4
-35
-126
-39
-57
-78
126
116
1
-59
61
-91
-52
-78
73
99
53
-42
-37
-23
-16
-9
-77
-113
-11
118
-86
62
101
28
-114
73
-54
-81
-25
73
12
31
104
123
-53
-29
25
107
105
-108
-37
88
-38
-79
42
74
-125
-80
-110
7
81
-124
-12
-24
122
-13
86
46
-84
-27
109
29
34
-78
-73
23
113
-56
126
64
-121
31
105
98
119
60
-115
-63
32
2
27
31
-17
85
-120
109
-76
-5
-19
94
-14
20
-110
85
-70
-126
54
-124
-56
-128
-80
-122
49
-123
-32
-12
-36
66
-81
-21
64
20
-46
3
4
-111
64
17
-106
-32
-64
67
-53
1
33
109
-31
-61
101
21
73
32
-100
12
110
-21
-106
-85
13
44
107
96
-85
11
41
-14
78
99
-13
-27
96
20
119
-110
78
62
-2
75
113
-18
-76
-53
-69
63
-20
-8
-74
-84
-34
70
-98
36
14
-64
38
-7
-17
27
-66
23
-33
-97
-5
-26
-103
119
121
24
-126
21
-67
-111
-30
-123
-103
90
-37
79
68
11
35
47
-16
-69
119
29
14
126
-100
115
-118
0
-127
-81
86
9
-106
91
-122
-73
89
118
-113
-12
-23
79
-52
84
-98
22
56
-13
-56
4
-128
15
124
26
115
94
-17
40
63
-76
-28
-103
88
18
-123
-92
-38
75
-13
-127
-77
-80
-59
80
-109
-54
-102
-1
0
-50
-78
-67
-114
41
-97
41
31
-111
96
-9
55
10
121
-56
-36
122
96
-126
61
56
-9
-85
-52
29
45
-52
23
87
-9
-122
93
-69
-98
75
-67
55
108
77
-57
37
-65
-38
-58
71
6
-128
22
73
36
16
51
77
101
113
36
108
-95
124
-8
28
-55
-58
121
-64
29
72
39
39
38
-78
55
-36
73
-104
-20
-110
-37
84
-118
36
101
121
33
79
42
117
36
19
-14
12
30
121
30
-65
-83
50
100
-75
99
13
-78
75
101
56
-103
-104
43
68
-19
1
4
28
-4
-96
-28
99
-15
-11
-88
68
113
94
52
42
-15
90
-34
-52
9
-62
79
112
34
-100
-80
-25
10
84
-19
110
54
-98
-8
-26
-128
46
-57
117
117
59
37
-68
23
107
123
31
-106
-62
75
29
73
-74
-50
79
-51
-14
-85
-9
-35
-8
83
101
-66
54
-66
108
47
117
54
-115
-121
95
50
-46
-22
63
54
38
83
-73
-107
39
24
-29
57
-12
-88
53
9
67
-58
109
111
110
88
0
-61
109
-66
-77
1
-32
18
15
18
-81
99
-8
115
-59
89
-72
-69
-106
-50
41
-42
38
-72
-126
-56
124
-60
-70
-117
-37
70
24
27
-73
48
57
79
-89
60
-13
64
27
80
105
-62
13
62
-14
-11
-54
-39
-94
1
-101
-117
38
-13
-30
-108
116
-53
71
-56
-29
56
-57
-29
88
54
-73
-94
-15
97
-97
77
-68
-73
-66
103
96
-81
-10
34
109
-68
-63
-100
16
-22
-39
-56
-32
14
-3
79
-46
-88
-59
113
20
114
-75
-15
-118
107
105
50
30
75
-115
26
-32
-56
16
1
-115
-49
27
14
-104
4
125
3
84
-73
82
75
-85
-84
-88
-13
-24
-6
-48
72
-56
73
46
-121
-39
-90
76
-25
63
41
-5
-67
-71
-26
-128
54
33
-45
-38
12
-34
106
48
92
-92
-66
96
-113
116
54
-78
91
-56
-35
-15
-107
-109
12
58
-4
-57
-116
-44
-41
113
94
73
12
-37
-97
87
-106
-34
41
70
26
-26
-54
45
65
63
-117
-112
80
-28
12
1
-2
77
64
-98
109
-96
-1
0
-113
13
106
-51
118
121
98
72
39
23
-111
-80
-9
80
122
127
-98
-11
-110
-73
-70
37
-68
-5
91
81
-48
-117
-77
8
-99
-28
-75
-102
-43
-58
123
5
4
-13
-2
20
1
121
-58
-117
109
41
55
111
-93
88
58
3
55
-51
107
36
102
86
-2
-15
-63
82
-67
57
-50
122
-5
85
-37
-19
118
-34
73
-31
3
88
-48
-82
17
-29
86
-107
100
-77
-32
14
119
54
64
-50
14
123
-6
83
-83
-11
-39
34
123
-49
-77
107
126
29
-36
-14
24
-116
110
101
112
-115
-50
7
-52
79
61
-72
-88
-37
91
62
106
74
-98
39
-16
-70
43
54
57
-77
-22
59
-125
-21
-44
80
7
77
-91
107
59
20
-101
107
-1
0
15
-59
54
79
17
68
65
117
-19
-56
-23
-33
-118
-18
-19
46
86
-32
29
-78
43
-32
12
-19
28
103
-6
-41
11
97
-82
-127
31
-106
53
127
13
74
23
8
-26
56
25
66
-74
15
-53
-127
-57
99
-7
87
85
-91
94
-57
118
65
-122
-9
-19
72
1
5
-44
-85
46
65
-57
80
7
-65
-21
-23
64
27
84
82
119
-94
-128
22
-118
40
-96
2
-118
40
-96
2
-77
-17
-20
-42
-28
-57
33
-120
73
44
44
90
32
-3
1
35
4
-2
68
-42
-123
39
122
0
-13
-7
109
-59
-75
-27
-60
113
79
41
-72
44
62
-45
116
-14
112
-124
-13
-75
125
57
-29
-16
-91
-98
-18
27
-120
45
86
32
36
-77
-111
-79
103
109
34
48
-13
95
4
-18
127
97
-122
111
-54
-70
15
18
-38
-3
-94
24
-117
121
123
17
-7
50
-73
-53
-100
119
29
-5
-41
28
-48
74
-10
-110
35
92
92
65
28
-92
-59
37
-35
-41
-55
35
-116
-97
-11
106
125
8
3
-23
-118
0
-98
70
-115
109
-91
-112
-54
45
100
50
121
114
92
-92
91
-68
-90
-32
108
-113
60
-25
-128
-93
-15
-84
-7
110
47
108
35
121
-94
-59
-75
-80
-61
-101
-37
-124
47
113
55
-82
16
114
-69
-71
-58
63
-83
90
75
105
-76
-56
-30
-69
-125
-19
-41
-104
30
80
-112
-55
-13
-54
49
-47
80
124
-85
-45
-17
-109
-57
53
-105
121
-87
91
69
35
93
-36
77
13
-112
18
126
-16
47
-6
77
-50
79
-16
-105
-20
115
-57
-74
40
2
-99
-36
19
106
-74
-97
108
9
-84
75
19
-55
-122
107
-101
-61
104
-115
-50
119
0
70
118
-9
30
-43
102
-38
-46
-31
97
-13
45
86
96
-56
-127
20
91
106
-63
-39
-114
65
56
37
113
-1
0
-22
53
90
-26
-35
-17
-89
77
74
29
18
-18
-6
53
76
-84
-70
-123
-41
-107
27
46
-46
115
-73
30
-2
-67
-22
-84
-106
113
21
-128
-49
-95
-24
-16
6
-109
112
-113
-5
64
-81
45
-98
78
51
-98
-76
1
-94
-25
81
-122
124
-53
23
-119
54
-127
-26
23
6
59
-123
-23
-56
-23
-19
-6
-43
89
-124
50
75
21
-76
-58
-63
-122
-31
-27
-61
123
96
98
112
24
-32
-19
100
36
100
-29
-79
-12
-89
-38
-23
-80
-87
107
113
-93
-38
-58
-13
72
10
-68
26
-56
76
-128
114
25
120
-51
111
-55
117
-88
25
-53
-117
77
114
5
66
16
44
83
-61
34
46
127
-120
-77
115
-33
-65
-91
0
99
127
98
94
104
49
-124
-45
-81
46
44
-29
80
-59
-30
-76
-51
-28
57
-19
-71
15
-52
58
-1
0
94
-43
29
-78
88
-103
-38
71
109
25
111
-64
86
33
101
123
73
75
12
-98
-121
-74
-35
-65
-83
107
106
107
41
12
94
-42
-15
-28
-40
81
-25
-105
78
-115
-35
-127
-29
-126
-116
49
-116
-102
-96
-1
0
-24
118
-1
0
102
-44
102
-45
11
-56
118
22
-44
44
-98
33
58
28
113
-65
-98
-101
-113
-26
40
1
97
-73
-69
51
-91
-36
54
90
-92
108
-71
-53
91
-36
-61
49
101
-12
-49
7
-41
-13
52
-39
-83
-39
-59
-63
-70
-102
-19
-10
-63
-27
-119
53
13
36
-77
-110
119
28
110
78
-93
-97
-61
6
-117
125
7
79
54
-73
18
-75
-114
-124
-52
-114
-126
63
35
81
100
86
-28
117
36
112
121
56
-4
43
65
109
100
107
-87
28
-38
60
91
112
75
69
-82
109
71
95
-89
-25
-59
0
98
77
-89
-38
65
113
20
127
103
-76
-114
82
22
67
36
79
44
14
8
60
-73
42
65
60
-125
-97
-91
78
-9
-18
-37
86
15
18
94
-76
-78
75
-127
-25
-23
-19
118
-125
61
21
88
40
-38
-66
-11
-91
121
112
110
91
114
94
121
100
-126
100
69
-43
-71
95
85
-58
56
-21
-6
84
43
115
58
91
-60
-14
-36
24
118
-80
-32
-21
-8
27
113
-44
-4
-68
-12
60
123
80
5
35
-87
-36
-94
111
-1
0
-124
-118
-60
71
44
-93
11
115
-95
-78
-128
57
-54
-14
58
-14
57
-6
-43
-120
117
13
-117
-74
63
20
-24
74
50
74
39
-40
54
-4
-89
24
31
-122
63
90
22
-15
-19
-82
-102
120
53
29
61
-54
124
-118
46
-75
-13
34
55
57
31
32
94
115
-114
-107
104
-8
-119
36
48
-77
-8
-113
-61
-114
65
-14
-100
45
-103
111
46
78
62
85
62
-99
104
3
83
76
-43
-116
-112
-104
-96
-15
21
-100
-110
-71
-62
-67
-90
-105
-14
-28
14
65
-25
-98
15
-21
93
-91
-106
38
-118
44
75
116
112
27
38
65
-73
60
-9
24
-30
-71
24
-82
-17
46
26
56
91
-60
54
-74
-25
-53
-52
-119
111
104
66
-65
79
-104
31
-88
-2
85
-38
-40
68
-47
91
70
26
-27
-18
27
96
-52
-115
-113
-101
-33
20
1
107
-66
49
-97
115
69
58
-118
0
40
-94
-118
0
40
-94
-118
0
40
-94
-118
0
-114
69
12
6
-18
-98
-11
-56
107
-6
99
121
-78
-53
12
104
-105
30
96
-110
41
22
35
113
46
114
51
-123
36
1
-44
-2
-107
-40
-73
34
-85
-36
-37
71
117
23
-105
32
-50
63
-38
35
-7
80
7
-105
77
11
-59
28
-78
106
8
88
-119
-127
-13
-75
43
-63
26
3
-58
8
-119
121
11
-109
-9
115
-21
89
87
-73
54
-80
70
76
90
-83
-118
72
36
19
48
-78
41
26
12
122
-71
27
-122
72
3
62
-11
-43
107
26
35
-23
-9
-114
96
-39
20
-73
18
-25
117
-74
-106
102
102
7
56
-53
19
-115
-36
14
-66
-43
-107
61
-122
-91
21
-85
-36
-69
107
4
-18
48
-86
24
-96
-74
-50
127
-117
-109
-49
95
-46
-128
57
-23
-81
44
-81
-48
60
-121
71
-106
71
57
111
62
-18
86
39
-8
122
-127
-49
99
-57
-83
44
113
-40
-39
41
100
77
2
57
50
48
82
-54
105
-114
9
7
-109
-100
-97
-1
0
85
106
79
36
-47
70
18
103
-67
-113
42
-95
-26
-109
84
-73
-116
103
-114
8
3
53
56
9
-10
80
-94
-24
110
88
-9
-112
117
119
108
-82
62
-9
-56
61
-59
0
85
-74
-105
77
23
49
25
-31
-47
-52
108
-22
-52
78
-111
42
-106
114
6
15
61
57
-57
-31
79
107
-115
30
120
-2
-47
-10
-81
10
-19
39
101
-56
-5
60
-104
97
-48
14
-66
-1
0
-83
35
77
51
36
112
91
76
-50
-84
3
110
-37
61
-61
2
15
-16
19
-113
74
-73
111
117
-86
-59
38
47
117
-79
108
-81
-109
-74
77
54
33
-112
7
101
-36
79
-1
0
-82
-128
40
-58
-2
31
-65
-104
-7
-9
-38
8
89
88
43
44
54
-82
67
-29
29
-55
-21
-4
-86
83
103
105
-93
93
1
101
125
-91
-62
34
59
-90
6
-50
95
-69
-114
-32
-98
120
45
-2
69
109
90
73
115
-86
-53
45
-59
-106
-85
-84
52
14
-71
12
-74
-15
70
-78
16
14
64
39
-89
74
-77
36
-81
21
-84
-16
125
-73
81
125
-29
114
-56
110
-94
50
-57
-114
-86
0
-21
-45
-1
0
30
-96
12
97
58
90
73
61
-84
-9
-66
29
-37
46
-41
-103
90
-47
-112
16
58
28
103
-40
-2
84
75
-10
103
-113
-49
89
60
38
86
86
-14
-42
86
-124
-26
64
7
41
-41
-74
127
90
-43
-76
-2
-48
-68
-73
-13
110
35
-44
-10
28
-2
-6
-29
-55
-124
-82
59
96
-81
-81
31
-115
48
73
-87
91
-97
-106
-17
74
-115
54
-18
6
108
92
72
-100
-100
-4
-54
7
-96
60
122
80
5
9
94
-56
-38
-93
-90
-83
-93
32
116
-39
-97
-20
-14
11
-15
-47
72
57
61
69
70
37
-76
-5
41
-1
0
-119
-122
-113
17
32
41
-1
0
-119
51
19
-100
119
-55
-25
-81
-13
-83
-23
31
85
55
13
20
-102
-100
-32
-123
-50
-53
77
60
29
-68
-6
-109
-56
-10
-21
78
54
-6
-76
-41
113
99
81
-42
-107
85
65
112
-74
81
-128
-36
-9
45
-45
-16
-96
14
94
29
74
23
-72
19
127
104
-59
46
-62
3
11
93
0
-98
65
-25
59
-113
124
-41
75
99
118
46
99
102
89
-11
54
-115
-104
-86
5
-80
85
40
125
122
113
-44
126
84
-17
38
-30
73
27
-51
-68
-15
11
13
-40
47
-75
85
48
127
-124
99
-109
-45
-45
-67
111
-63
-90
-68
-72
100
-44
53
24
-16
-36
-18
-64
36
-9
-19
-12
-96
5
-80
-126
115
113
-26
73
-10
-55
7
32
45
-62
-88
80
63
42
-36
81
-41
-109
-12
-88
-30
-117
98
40
-34
-49
-57
-34
110
-90
-91
7
-75
0
45
20
81
64
12
46
-65
-34
90
112
60
81
69
0
33
96
58
-112
41
11
-96
25
-36
40
-94
-128
13
-53
-41
114
-47
-26
47
-9
-105
-2
-6
-94
-118
0
80
-22
127
-119
127
58
66
-53
-3
-27
-4
-24
-94
-128
41
-22
58
125
-67
-4
106
37
47
-107
32
-82
-39
10
115
-11
21
-58
-21
-102
29
-69
49
6
13
53
-41
32
-72
-68
-107
-92
112
-93
35
112
-25
-40
126
-76
81
64
24
-70
116
22
-49
118
-21
0
-77
46
9
-113
117
-82
-102
8
84
13
-76
-82
-26
60
-3
107
-91
123
57
18
-33
-9
87
-115
28
112
-58
31
-54
83
20
65
-49
-32
9
29
113
-8
81
69
0
114
-73
-46
90
92
106
-66
94
-95
28
98
23
-38
28
-1
0
104
-69
-19
-20
14
-64
-96
117
0
-11
21
-95
99
-31
-91
-80
117
-106
-39
-93
-112
-13
-121
-74
-73
81
-113
124
-71
39
61
104
-94
-128
54
87
74
-75
72
-63
-65
-72
-114
-30
-18
82
48
46
110
-39
-111
-64
60
96
14
43
64
34
9
24
69
117
110
-110
72
71
22
-16
-78
-25
30
-32
-28
-47
69
0
19
-40
69
28
42
-94
-53
-51
98
114
119
-19
-40
79
31
123
126
79
97
86
-20
67
44
56
89
-83
98
76
-29
101
-92
95
-49
-83
20
80
3
-18
-76
52
-68
-63
125
75
80
93
-93
25
-118
125
-97
-56
82
-63
-93
-63
104
-92
44
-105
-105
5
-6
-103
46
11
127
51
69
20
1
106
20
-100
49
-57
-107
18
117
42
-68
-109
-8
-1
0
-11
-86
-24
20
81
64
11
69
20
80
1
69
20
80
7
-1
-39